PV MassSpec-23.06.00
EXPORTED SCAN DATA
Run Path and Name: c:\Pfeiffer Vacuum\data\04-002-2026\MCD 256_kwinda_New_1%MeOH - Oxidative coupling_removed, Position 1, RGA PrismaPro A 100 47507368, 04-002-2026 12'42'48.isi
04/02/2026 12:42:48
SensorID:  RGA PrismaPro A 100 47507368
52 Bins
171 TimePoints

Time Relative (sec)	Time Absolute (UTC)	Time Absolute (Date_Time)	Step	Ionizer_State	Pressure_(mBar)	External_Pressure_(mBar)	2_amu_(_)	12_amu_(_)	13_amu_(_)	14_amu_(_)	15_amu_(_)	16_amu_(_)	17_amu_(_)	18_amu_(_)	20_amu_(_)	22_amu_(_)	24_amu_(_)	25_amu_(_)	26_amu_(_)	27_amu_(_)	28_amu_(_)	29_amu_(_)	30_amu_(_)	31_amu_(_)	32_amu_(_)	40_amu_(_)	44_amu_(_)	Periph:_Digital_In_0	Periph:_Digital_In_1	Periph:_Digital_In_13	Periph:_Digital_In_14	Periph:_Digital_In_15	Periph:_Digital_In_16	Periph:_Digital_In_17	Periph:_Digital_Out_2	Periph:_Digital_Out_3	Periph:_Digital_Out_4	Periph:_Digital_Out_5	Periph:_Digital_Out_6	Periph:_Digital_Out_7	Periph:_Digital_Out_8	Periph:_Digital_Out_9	Periph:_Digital_Out_10	Periph:_Digital_Out_11	Sig:_MCD	Sig:_MCD_Ar	Sig:_MCD_CH2CH2	Sig:_MCD_CH3CH3	Sig:_MCD_CH4	Sig:_MCD_CO	Sig:_MCD_CO2	Sig:_MCD_H2	Sig:_MCD_H2O	Sig:_MCD_O2
8,557	1770205376,596	04/02/2026_12:42:56,596	1	2	2,786136974e-06	2,234986823e-06	3,092462267e-12	7,01324632e-12	5,962798831e-12	1,215182035e-11	7,021034448e-11	9,343639057e-11	9,685694087e-13	1,002180516e-13	1,147384097e-11	6,238493337e-13	1,786969993e-14	4,999999912e-15	1,400073464e-14	5,898036101e-15	7,454451119e-12	1,003519506e-13	4,999999912e-15	1,609626027e-14	7,93922965e-15	1,107287387e-10	6,831921834e-11	1	1	1	1	1	1	1	0	0	0	0	0	0	0	0	0	0	1,328670746e-08	39,70790074	0	0,2326776111	30,11901728	0	30,54239212	0,2782796378	0,03356075643	0
14,293	1770205382,332	04/02/2026_12:43:02,332	1	2	2,785800007e-06	2,195931756e-06	3,09647967e-12	6,991964299e-12	5,959500688e-12	1,2129674e-11	7,012878472e-11	9,331835998e-11	9,656685174e-13	1,04981521e-13	1,147789763e-11	6,243907301e-13	1,433446901e-14	4,999999912e-15	1,343804727e-14	4,999999912e-15	7,448540049e-12	9,450388605e-14	4,999999912e-15	1,730700917e-14	5,393551748e-15	1,108790698e-10	6,82825671e-11	1	1	1	1	1	1	1	0	0	0	0	0	0	0	0	0	0	1,115220968e-08	39,7625204	0	0,2320829491	30,08158176	0	30,52598862	0,2786458355	0,03512765512	0
20,029	1770205388,068	04/02/2026_12:43:08,068	1	2	2,775787834e-06	2,227292043e-06	3,105153938e-12	6,984796422e-12	5,970783763e-12	1,212925073e-11	7,009426373e-11	9,325257233e-11	9,579967028e-13	1,212994413e-13	1,147342551e-11	6,362828558e-13	1,2304912e-14	4,999999912e-15	2,353149685e-14	4,999999912e-15	7,479723438e-12	9,139938155e-14	1,335655423e-14	1,401237118e-14	8,893857805e-15	1,107119743e-10	6,839080691e-11	1	1	1	1	1	1	1	0	0	0	0	0	0	0	0	0	0	9,945592077e-09	39,71232254	0	0,2417840609	30,06566513	0	30,58017812	0,2794969938	0,04038305953	0
25,765	1770205393,804	04/02/2026_12:43:13,804	1	2	2,776390147e-06	2,222177272e-06	3,092844991e-12	6,980144761e-12	5,985178065e-12	1,211930122e-11	7,019852755e-11	9,314551908e-11	9,5179962e-13	1,232208237e-13	1,146301717e-11	6,403172263e-13	6,922995095e-15	4,999999912e-15	2,118421947e-14	4,999999912e-15	7,469184993e-12	8,321179845e-14	1,841734569e-14	9,499718449e-15	1,232867974e-14	1,104418154e-10	6,81707607e-11	1	1	1	1	1	1	1	0	0	0	0	0	0	0	0	0	0	7,061446143e-09	39,69547435	0	0,2628379859	30,12800302	0	30,53858552	0,2791353802	0,04058928738	0
31,501	1770205399,540	04/02/2026_12:43:19,540	1	2	2,779788474e-06	2,212825393e-06	3,091196136e-12	6,979204107e-12	5,992089637e-12	1,206899164e-11	7,011963926e-11	9,335202056e-11	9,43210462e-13	1,18713985e-13	1,145607133e-11	6,45490497e-13	4,999999912e-15	4,999999912e-15	1,275409357e-14	4,999999912e-15	7,481480713e-12	6,863091909e-14	2,986367121e-14	4,999999912e-15	1,458573795e-14	1,103097544e-10	6,832139715e-11	1	1	1	1	1	1	1	0	0	0	0	0	0	0	0	0	0	5,600427815e-09	39,62390256	0	0,2331733427	30,1327997	0	30,59361371	0,2786636922	0,03809278399	0
37,237	1770205405,276	04/02/2026_12:43:25,276	1	2	2,779686156e-06	2,222177272e-06	3,076754346e-12	6,979644727e-12	5,996400858e-12	1,210898829e-11	7,011488612e-11	9,319665178e-11	9,462723573e-13	1,155105471e-13	1,146819792e-11	6,497223549e-13	4,999999912e-15	4,999999912e-15	7,084529361e-15	4,999999912e-15	7,476022405e-12	6,776166e-14	2,895172844e-14	4,999999912e-15	2,12564951e-14	1,107863731e-10	6,835052663e-11	1	1	1	1	1	1	1	0	0	0	0	0	0	0	0	0	0	5,863387677e-09	39,74034293	0	0,2503425999	30,05948713	0	30,56172931	0,2771277543	0,03726366633	0
42,973	1770205411,012	04/02/2026_12:43:31,012	1	2	2,776898782e-06	2,206895488e-06	3,062091813e-12	6,964698349e-12	5,988321384e-12	1,207285487e-11	7,010320796e-11	9,330528711e-11	9,576163647e-13	1,115649456e-13	1,144817314e-11	6,491431741e-13	4,999999912e-15	4,999999912e-15	4,999999912e-15	4,999999912e-15	7,467346186e-12	7,050427137e-14	3,184181502e-14	4,999999912e-15	2,909823126e-14	1,1062469e-10	6,853646123e-11	1	1	1	1	1	1	1	0	0	0	0	0	0	0	0	0	0	5,90208386e-09	39,66911505	0	0,2477562036	30,06323595	0	30,63632783	0,2757422798	0,03681651011	0
48,709	1770205416,748	04/02/2026_12:43:36,748	1	2	2,782053116e-06	2,213675998e-06	3,049457605e-12	6,974289202e-12	5,979041047e-12	1,208817161e-11	7,008309211e-11	9,324285094e-11	9,661375432e-13	1,041757961e-13	1,145200774e-11	6,532133233e-13	4,999999912e-15	1,529831119e-14	4,999999912e-15	6,023666334e-15	7,45317523e-12	7,136528375e-14	2,566728873e-14	4,999999912e-15	3,203147925e-14	1,106080019e-10	6,836867184e-11	1	1	1	1	1	1	1	0	0	0	0	0	0	0	0	0	0	5,748306825e-09	39,69848143	0	0,2415929805	30,07863612	0	30,58864955	0,2747763307	0,03499313977	0
54,445	1770205422,484	04/02/2026_12:43:42,484	1	2	2,783201353e-06	2,192566171e-06	3,034471329e-12	6,978839381e-12	5,970474982e-12	1,207946677e-11	7,015160675e-11	9,338653462e-11	9,715055366e-13	9,536391587e-14	1,145402002e-11	6,383089586e-13	4,999999912e-15	1,262747909e-14	4,999999912e-15	8,766282784e-15	7,451428363e-12	7,132551385e-14	2,115317063e-14	4,999999912e-15	3,347797097e-14	1,102006056e-10	6,832116123e-11	1	1	1	1	1	1	1	0	0	0	0	0	0	0	0	0	0	5,579960617e-09	39,60035119	0	0,2302017314	30,15691796	0	30,60519389	0,2736697708	0,03221581363	0
60,181	1770205428,220	04/02/2026_12:43:48,220	1	2	2,781318244e-06	2,215370614e-06	3,017158572e-12	6,996360088e-12	5,96358336e-12	1,208246524e-11	7,021184328e-11	9,320041267e-11	9,773229318e-13	9,112290322e-14	1,145922419e-11	6,338933285e-13	4,999999912e-15	9,203331456e-15	4,999999912e-15	1,432572932e-14	7,437540167e-12	8,303572402e-14	1,506693397e-14	4,999999912e-15	2,885471267e-14	1,104790634e-10	6,815981113e-11	1	1	1	1	1	1	1	0	0	0	0	0	0	0	0	0	0	5,962821318e-09	39,70625564	0	0,25733688	30,13859918	0	30,53354567	0,2723550269	0,0312889895	0
65,917	1770205433,956	04/02/2026_12:43:53,956	1	2	2,777176178e-06	2,200983772e-06	3,00241971e-12	7,005908007e-12	5,960417056e-12	1,207648911e-11	7,017130627e-11	9,313580462e-11	9,721026067e-13	8,716952263e-14	1,147175757e-11	6,255743536e-13	4,999999912e-15	4,999999912e-15	4,999999912e-15	1,298983131e-14	7,421915513e-12	9,460282628e-14	1,13017658e-14	4,999999912e-15	2,853941313e-14	1,105367881e-10	6,829518895e-11	1	1	1	1	1	1	1	0	0	0	0	0	0	0	0	0	0	6,131568722e-09	39,71290981	0	0,2660540979	30,10320896	0	30,58251372	0,2710195727	0,0294532777	0
71,653	1770205439,692	04/02/2026_12:43:59,692	1	2	2,779280749e-06	2,241853508e-06	3,004000911e-12	7,020385141e-12	5,943541232e-12	1,206894133e-11	7,010365899e-11	9,318668059e-11	9,752332405e-13	8,545331868e-14	1,146840348e-11	6,23023768e-13	4,999999912e-15	4,999999912e-15	4,999999912e-15	1,415498781e-14	7,417751309e-12	9,774902513e-14	4,999999912e-15	4,999999912e-15	1,617290151e-14	1,106047406e-10	6,838447864e-11	1	1	1	1	1	1	1	0	0	0	0	0	0	0	0	0	0	5,856230209e-09	39,71398875	0	0,2481446141	30,08211917	0	30,60793854	0,2708654286	0,02911240566	0
77,389	1770205445,428	04/02/2026_12:44:05,428	1	2	2,787664243e-06	2,232421366e-06	2,991847005e-12	7,013749824e-12	5,950723855e-12	1,209365941e-11	7,015020509e-11	9,3173462e-11	9,74516366e-13	8,988595052e-14	1,148165504e-11	6,225997907e-13	1,657357011e-14	4,999999912e-15	4,999999912e-15	1,920074105e-14	7,446442768e-12	1,078298624e-13	5,149072629e-15	1,448192728e-14	1,666670986e-14	1,105001646e-10	6,80868209e-11	1	1	1	1	1	1	1	0	0	0	0	0	0	0	0	0	0	1,290325836e-08	39,7287598	0	0,2571435427	30,13549638	0	30,51384576	0,2701599566	0,03064124061	0
83,125	1770205451,164	04/02/2026_12:44:11,164	1	2	2,771058462e-06	2,207743819e-06	2,997129671e-12	7,030288244e-12	5,954776169e-12	1,211932985e-11	7,018015336e-11	9,320414579e-11	9,749756341e-13	1,026565307e-13	1,14760753e-11	6,248248446e-13	2,013353609e-14	4,999999912e-15	5,208735936e-15	1,40836778e-14	7,44334195e-12	1,059686464e-13	4,999999912e-15	2,218249862e-14	1,61132365e-14	1,105329231e-10	6,830737365e-11	1	1	1	1	1	1	1	0	0	0	0	0	0	0	0	0	0	1,510323915e-08	39,69846659	0	0,2590801617	30,11014869	0	30,57967444	0,2703768451	0,03523319882	0
88,861	1770205456,900	04/02/2026_12:44:16,900	1	2	2,770882475e-06	2,200143172e-06	3,008266162e-12	7,001082439e-12	5,962688242e-12	1,212370395e-11	7,004882091e-11	9,323092298e-11	9,692313141e-13	1,121649973e-13	1,145957374e-11	6,331458795e-13	2,410049462e-14	4,999999912e-15	2,112406489e-14	1,351419892e-14	7,452208989e-12	1,072851389e-13	1,297091707e-14	2,717781275e-14	1,637420566e-14	1,104287078e-10	6,83148399e-11	1	1	1	1	1	1	1	0	0	0	0	0	0	0	0	0	0	1,709349564e-08	39,67327407	0	0,2463558813	30,10193526	0	30,59590163	0,2712576622	0,03820388304	0
94,597	1770205462,636	04/02/2026_12:44:22,636	1	2	2,78839525e-06	2,211130322e-06	3,008590989e-12	7,001361296e-12	5,962849138e-12	1,212026573e-11	7,012056213e-11	9,322699557e-11	9,670669213e-13	1,212853873e-13	1,148377574e-11	6,394159833e-13	2,571190873e-14	4,999999912e-15	2,813728932e-14	6,844412461e-15	7,491657468e-12	1,000604154e-13	1,674383221e-14	2,303041587e-14	1,901398554e-14	1,104737274e-10	6,810915026e-11	1	1	1	1	1	1	1	0	0	0	0	0	0	0	0	0	0	1,810039818e-08	39,70175769	0	0,2478500848	30,12801775	0	30,51162369	0,2713842692	0,04125569249	0
100,333	1770205468,372	04/02/2026_12:44:28,372	1	2	2,783693844e-06	2,22643871e-06	2,999128506e-12	6,9892204e-12	5,989163158e-12	1,213933641e-11	7,019228948e-11	9,322184691e-11	9,586890743e-13	1,261327604e-13	1,147007402e-11	6,463005586e-13	2,393702234e-14	4,999999912e-15	2,841136208e-14	4,999999912e-15	7,492425083e-12	9,361327496e-14	2,48373235e-14	2,291254277e-14	1,996716188e-14	1,105847219e-10	6,830763039e-11	1	1	1	1	1	1	1	0	0	0	0	0	0	0	0	0	0	1,730007245e-08	39,69625391	0	0,2666992973	30,1008626	0	30,5626275	0,2703680611	0,04217717777	0
106,069	1770205474,108	04/02/2026_12:44:34,108	1	2	2,77993081e-06	2,18752848e-06	3,001893005e-12	6,992540661e-12	5,98835391e-12	1,208408981e-11	7,0071067e-11	9,326674849e-11	9,577177376e-13	1,309470924e-13	1,14562344e-11	6,49184428e-13	1,527599695e-14	4,999999912e-15	2,719333039e-14	4,999999912e-15	7,470464351e-12	8,397044182e-14	2,903661469e-14	1,603271247e-14	2,302556576e-14	1,108574205e-10	6,834064564e-11	1	1	1	1	1	1	1	0	0	0	0	0	0	0	0	0	0	1,176602345e-08	39,75046469	0	0,2418929334	30,05456288	0	30,54952265	0,2701713668	0,0438193782	0
111,805	1770205479,844	04/02/2026_12:44:39,844	1	2	2,775568646e-06	2,18752848e-06	2,999514916e-12	6,988198215e-12	5,981172588e-12	1,210312232e-11	6,99964392e-11	9,323958272e-11	9,481491113e-13	1,3275256e-13	1,14547408e-11	6,538033461e-13	4,999999912e-15	7,199488672e-15	2,226399674e-14	4,999999912e-15	7,473858338e-12	7,786917541e-14	3,13640139e-14	7,634113136e-15	2,805385319e-14	1,102298183e-10	6,826977178e-11	1	1	1	1	1	1	1	0	0	0	0	0	0	0	0	0	0	5,447991174e-09	39,62950079	0	0,2332317423	30,11566763	0	30,59812166	0,2705932273	0,04376540667	0
117,541	1770205485,580	04/02/2026_12:44:45,580	1	2	2,777728469e-06	2,204362318e-06	2,978515438e-12	6,979112167e-12	5,990678006e-12	1,210080647e-11	7,00386138e-11	9,317421834e-11	9,539942621e-13	1,209273973e-13	1,145131819e-11	6,597453703e-13	4,999999912e-15	9,127176418e-15	8,711950703e-15	4,999999912e-15	7,481381833e-12	7,109267466e-14	3,451021614e-14	4,999999912e-15	3,103319332e-14	1,105981487e-10	6,818345194e-11	1	1	1	1	1	1	1	0	0	0	0	0	0	0	0	0	0	5,777502598e-09	39,72768381	0	0,2452154163	30,08695156	0	30,53162323	0,2686521731	0,04000853304	0
123,277	1770205491,316	04/02/2026_12:44:51,316	1	2	2,781599278e-06	2,210285629e-06	2,964728072e-12	6,963262866e-12	5,985237913e-12	1,208663118e-11	7,009372249e-11	9,324487016e-11	9,60833843e-13	1,106903604e-13	1,146118703e-11	6,507677426e-13	4,999999912e-15	1,267793176e-14	4,999999912e-15	4,999999912e-15	7,449311133e-12	7,110430951e-14	3,020662469e-14	4,999999912e-15	3,114184054e-14	1,107959627e-10	6,822654247e-11	1	1	1	1	1	1	1	0	0	0	0	0	0	0	0	0	0	5,817664805e-09	39,76186048	0	0,2442372688	30,08204718	0	30,52233447	0,2671899506	0,03683690011	0
129,013	1770205497,052	04/02/2026_12:44:57,052	1	2	2,773728966e-06	2,25132294e-06	2,951283749e-12	6,970000532e-12	5,984311137e-12	1,211059465e-11	7,005644675e-11	9,314521376e-11	9,717333275e-13	1,040186139e-13	1,143832425e-11	6,466359024e-13	4,999999912e-15	1,329591514e-14	4,999999912e-15	7,700086838e-15	7,447912079e-12	7,109751291e-14	1,971443604e-14	4,999999912e-15	3,571027886e-14	1,102185149e-10	6,809560554e-11	1	1	1	1	1	1	1	0	0	0	0	0	0	0	0	0	0	5,623257375e-09	39,66720249	0	0,2380950609	30,14397961	0	30,54892173	0,2666348799	0,03558859992	0
134,749	1770205502,788	04/02/2026_12:45:02,788	1	2	2,775941311e-06	2,210285629e-06	2,933534925e-12	6,982473627e-12	5,961988715e-12	1,20821738e-11	7,00776312e-11	9,301823894e-11	9,682511954e-13	9,638014535e-14	1,144725894e-11	6,351477504e-13	4,999999912e-15	9,136393831e-15	4,999999912e-15	1,286953569e-14	7,436141113e-12	7,946846848e-14	1,313341356e-14	4,999999912e-15	2,897015988e-14	1,103721212e-10	6,811379932e-11	1	1	1	1	1	1	1	0	0	0	0	0	0	0	0	0	0	5,896506647e-09	39,71717914	0	0,2555744643	30,11603816	0	30,55020472	0,2651439164	0,03258256621	0
140,485	1770205508,524	04/02/2026_12:45:08,524	1	2	2,78319726e-06	2,219624321e-06	2,927473802e-12	6,988140535e-12	5,957550425e-12	1,207670942e-11	7,006425301e-11	9,31539984e-11	9,75456803e-13	8,441769554e-14	1,144158466e-11	6,287248283e-13	4,999999912e-15	1,137307411e-14	4,999999912e-15	1,852891348e-14	7,423759524e-12	9,042099751e-14	1,336382516e-14	4,999999912e-15	2,859132608e-14	1,105188926e-10	6,824569382e-11	1	1	1	1	1	1	1	0	0	0	0	0	0	0	0	0	0	5,77061848e-09	39,71925596	0	0,2491997769	30,09999588	0	30,57398434	0,2642024995	0,02881589398	0
146,221	1770205514,260	04/02/2026_12:45:14,260	1	2	2,777843747e-06	2,221323484e-06	2,918297114e-12	6,999742366e-12	5,938812376e-12	1,206625945e-11	7,005145769e-11	9,315602456e-11	9,765225737e-13	8,830848379e-14	1,144684608e-11	6,262359338e-13	4,999999912e-15	4,999999912e-15	4,999999912e-15	1,700237715e-14	7,427695611e-12	9,757147347e-14	9,81549572e-15	4,999999912e-15	1,850029393e-14	1,104942457e-10	6,812467951e-11	1	1	1	1	1	1	1	0	0	0	0	0	0	0	0	0	0	5,782602978e-09	39,732391	0	0,2451991078	30,11782033	0	30,53798245	0,2635288738	0,03032788499	0
151,957	1770205519,996	04/02/2026_12:45:19,996	1	2	2,775215307e-06	2,225585831e-06	2,911607804e-12	7,006804859e-12	5,940158521e-12	1,209200535e-11	7,003876645e-11	9,314474886e-11	9,7018075e-13	8,431826065e-14	1,146143597e-11	6,192596349e-13	4,999999912e-15	4,999999912e-15	4,999999912e-15	1,362139771e-14	7,420176452e-12	1,035097843e-13	4,999999912e-15	5,316910513e-15	1,8076337e-14	1,104548814e-10	6,81616083e-11	1	1	1	1	1	1	1	0	0	0	0	0	0	0	0	0	0	5,773111022e-09	39,72271599	0	0,2444236271	30,11599931	0	30,5574984	0,2629487217	0,02833035414	0
157,693	1770205525,732	04/02/2026_12:45:25,732	1	2	2,781450803e-06	2,238419711e-06	2,912906678e-12	7,013421094e-12	5,950550816e-12	1,209992957e-11	7,006142888e-11	9,29819069e-11	9,711683497e-13	9,118304256e-14	1,146567303e-11	6,247409274e-13	1,094378426e-14	4,999999912e-15	4,999999912e-15	1,726140999e-14	7,429469366e-12	1,061835217e-13	4,999999912e-15	1,69199168e-14	1,743603431e-14	1,105053757e-10	6,819578929e-11	1	1	1	1	1	1	1	0	0	0	0	0	0	0	0	0	0	9,652734193e-09	39,74436823	0	0,2680089109	30,08815933	0	30,57116573	0,2632383244	0,03099067092	0
163,429	1770205531,468	04/02/2026_12:45:31,468	1	2	2,777791224e-06	2,214524557e-06	2,913742381e-12	7,01158966e-12	5,96957813e-12	1,213783848e-11	7,015830972e-11	9,323852801e-11	9,643191193e-13	1,109469707e-13	1,146467209e-11	6,235321504e-13	2,373037341e-14	4,999999912e-15	2,277186415e-14	7,7267616e-15	7,456060075e-12	1,010572444e-13	9,205272856e-15	2,561246706e-14	1,434707455e-14	1,102157879e-10	6,821669618e-11	1	1	1	1	1	1	1	0	0	0	0	0	0	0	0	0	0	1,693086394e-08	39,63957767	0	0,2484972192	30,15806294	0	30,58206195	0,2630836951	0,03728679468	0
169,165	1770205537,204	04/02/2026_12:45:37,204	1	2	2,782396905e-06	2,216222128e-06	2,927099318e-12	7,007709083e-12	5,966904054e-12	1,210193838e-11	7,014933079e-11	9,307934284e-11	9,662609254e-13	1,184670987e-13	1,146483949e-11	6,385923149e-13	1,84173423e-14	4,999999912e-15	2,421108493e-14	4,999999912e-15	7,455415625e-12	1,014351228e-13	1,40516625e-14	2,897258239e-14	1,540599449e-14	1,104366459e-10	6,801390701e-11	1	1	1	1	1	1	1	0	0	0	0	0	0	0	0	0	0	1,404018613e-08	39,73285873	0	0,2644967698	30,13899466	0	30,50010225	0,2645395178	0,04028121607	0
174,901	1770205542,940	04/02/2026_12:45:42,940	1	2	2,778753242e-06	2,236702585e-06	2,924199511e-12	6,996455932e-12	5,980940569e-12	1,212518193e-11	7,002910057e-11	9,311851984e-11	9,633639372e-13	1,258712779e-13	1,146519771e-11	6,438892388e-13	2,503377246e-14	4,999999912e-15	2,942661577e-14	4,999999912e-15	7,474128087e-12	8,978942264e-14	2,588362433e-14	2,251137949e-14	1,567763456e-14	1,102054004e-10	6,810212116e-11	1	1	1	1	1	1	1	0	0	0	0	0	0	0	0	0	0	1,765214397e-08	39,66596917	0	0,2480268187	30,13610454	0	30,55487235	0,2641906527	0,04275148521	0
180,637	1770205548,676	04/02/2026_12:45:48,676	1	2	2,784437129e-06	2,211130322e-06	2,918206041e-12	6,972823794e-12	5,986770975e-12	1,209240173e-11	6,992433715e-11	9,30389446e-11	9,55899639e-13	1,338653038e-13	1,144778283e-11	6,47112084e-13	7,219858121e-15	4,999999912e-15	2,736795132e-14	4,999999912e-15	7,464827367e-12	8,24104443e-14	3,046856116e-14	1,057270082e-14	2,01461518e-14	1,104661571e-10	6,838842687e-11	1	1	1	1	1	1	1	0	0	0	0	0	0	0	0	0	0	6,990597243e-09	39,69509252	0	0,2517399565	30,04412582	0	30,63352324	0,2632733105	0,04502093754	0
186,373	1770205554,412	04/02/2026_12:45:54,412	1	2	2,774891527e-06	2,231566214e-06	2,914588059e-12	6,970053874e-12	5,987284887e-12	1,210681208e-11	6,998950725e-11	9,310292121e-11	9,520485528e-13	1,255593801e-13	1,143026472e-11	6,512066819e-13	4,999999912e-15	4,999999912e-15	2,406993028e-14	4,999999912e-15	7,463165502e-12	7,77580989e-14	3,661980251e-14	4,999999912e-15	2,150484685e-14	1,100751088e-10	6,797556962e-11	1	1	1	1	1	1	1	0	0	0	0	0	0	0	0	0	0	5,632870638e-09	39,66035917	0	0,2470737608	30,16066873	0	30,53106706	0,2636369603	0,04167831311	0
192,109	1770205560,148	04/02/2026_12:46:00,148	1	2	2,776714155e-06	2,22643871e-06	2,904117485e-12	6,970847077e-12	5,986505562e-12	1,207931671e-11	7,000543895e-11	9,290763298e-11	9,578301693e-13	1,24208437e-13	1,141323234e-11	6,559308218e-13	4,999999912e-15	8,430603627e-15	7,790307706e-15	4,999999912e-15	7,471403704e-12	7,210745401e-14	3,29870781e-14	4,999999912e-15	2,914527886e-14	1,104222894e-10	6,815817355e-11	1	1	1	1	1	1	1	0	0	0	0	0	0	0	0	0	0	6,175557704e-09	39,72895857	0	0,2708689029	30,07519804	0	30,56516879	0,262608332	0,04178937747	0
197,845	1770205565,884	04/02/2026_12:46:05,884	1	2	2,786528512e-06	2,238419711e-06	2,890963944e-12	6,965645942e-12	5,988698686e-12	1,206425237e-11	6,996588725e-11	9,289174291e-11	9,601565419e-13	1,166432131e-13	1,141959964e-11	6,519241527e-13	4,999999912e-15	1,333957291e-14	4,999999912e-15	4,999999912e-15	7,470054957e-12	7,213073048e-14	3,15396106e-14	4,999999912e-15	3,711215905e-14	1,10344317e-10	6,825284782e-11	1	1	1	1	1	1	1	0	0	0	0	0	0	0	0	0	0	6,163519009e-09	39,70234367	0	0,268915201	30,06236043	0	30,6084544	0,2614263397	0,0393110496	0
203,581	1770205571,620	04/02/2026_12:46:11,620	1	2	2,775741677e-06	2,25132294e-06	2,87388841e-12	6,984459885e-12	5,981077612e-12	1,204750015e-11	6,991721785e-11	9,302690562e-11	9,665653694e-13	1,039536228e-13	1,142635639e-11	6,453211988e-13	4,999999912e-15	1,919928077e-14	4,999999912e-15	4,999999912e-15	7,46173609e-12	7,15176006e-14	3,18190095e-14	4,999999912e-15	3,332855774e-14	1,104431477e-10	6,798169666e-11	1	1	1	1	1	1	1	0	0	0	0	0	0	0	0	0	0	5,710628102e-09	39,75101894	0	0,2369210234	30,09935261	0	30,50354132	0,2597486726	0,03524277338	0
209,317	1770205577,356	04/02/2026_12:46:17,356	1	2	2,783876198e-06	2,200983772e-06	2,862328647e-12	6,977751276e-12	5,963138403e-12	1,205785732e-11	7,006287217e-11	9,298171261e-11	9,686310998e-13	9,606581481e-14	1,142272995e-11	6,417913076e-13	4,999999912e-15	1,059550126e-14	4,999999912e-15	9,990130197e-15	7,439334739e-12	7,698487301e-14	2,233821038e-14	4,999999912e-15	3,384420091e-14	1,102772457e-10	6,804638797e-11	1	1	1	1	1	1	1	0	0	0	0	0	0	0	0	0	0	6,069031683e-09	39,71222424	0	0,2624259681	30,12927135	0	30,54269646	0,2590244585	0,03255564775	0
215,053	1770205583,092	04/02/2026_12:46:23,092	1	2	2,787917992e-06	2,240997219e-06	2,847784725e-12	6,993099676e-12	5,957524838e-12	1,205099388e-11	6,997216695e-11	9,305468202e-11	9,743426769e-13	8,677855255e-14	1,142144105e-11	6,304027396e-13	4,999999912e-15	8,347662161e-15	4,999999912e-15	1,546080768e-14	7,42301446e-12	9,106079199e-14	1,083125085e-14	4,999999912e-15	2,804949266e-14	1,107057779e-10	6,795889546e-11	1	1	1	1	1	1	1	0	0	0	0	0	0	0	0	0	0	5,650286279e-09	39,81562137	0	0,2374905884	30,09380347	0	30,47084154	0,2571848703	0,02967645283	0
220,789	1770205588,828	04/02/2026_12:46:28,828	1	2	2,786323194e-06	2,20605466e-06	2,839012228e-12	7,000933687e-12	5,943551207e-12	1,205459864e-11	6,985902828e-11	9,307846854e-11	9,759128184e-13	8,337188091e-14	1,144287963e-11	6,231582091e-13	4,999999912e-15	4,999999912e-15	4,999999912e-15	1,871712759e-14	7,408750696e-12	9,599549074e-14	4,999999912e-15	4,999999912e-15	2,46156482e-14	1,102591143e-10	6,811398667e-11	1	1	1	1	1	1	1	0	0	0	0	0	0	0	0	0	0	5,355928323e-09	39,70262061	0	0,2215270261	30,10912896	0	30,57850418	0,2565408498	0,02867940346	0
226,525	1770205594,564	04/02/2026_12:46:34,564	1	2	2,775772373e-06	2,216222128e-06	2,83523335e-12	6,999497336e-12	5,94069325e-12	1,207687075e-11	7,001618035e-11	9,291890868e-11	9,780093402e-13	8,836719334e-14	1,144422578e-11	6,250005396e-13	4,999999912e-15	4,999999912e-15	4,999999912e-15	1,533226196e-14	7,421894696e-12	1,033637694e-13	4,999999912e-15	5,572546751e-15	2,300422223e-14	1,105899539e-10	6,814629416e-11	1	1	1	1	1	1	1	0	0	0	0	0	0	0	0	0	0	6,097955666e-09	39,78106481	0	0,2673901214	30,07308696	0	30,55428186	0,2563221527	0,03066211525	0
232,261	1770205600,300	04/02/2026_12:46:40,300	1	2	2,778593625e-06	2,174988595e-06	2,83341948e-12	7,007865642e-12	5,942114422e-12	1,210833604e-11	6,989828161e-11	9,299282178e-11	9,699862441e-13	9,155121051e-14	1,14283678e-11	6,199305392e-13	1,348509486e-14	4,999999912e-15	4,999999912e-15	1,309315578e-14	7,426417988e-12	1,080243954e-13	4,999999912e-15	1,292241426e-14	2,053228024e-14	1,100684613e-10	6,819377701e-11	1	1	1	1	1	1	1	0	0	0	0	0	0	0	0	0	0	1,085632353e-08	39,65636925	0	0,2459305049	30,11427509	0	30,62800954	0,2563760008	0,03114872305	0
237,997	1770205606,036	04/02/2026_12:46:46,036	1	2	2,777264172e-06	2,223880983e-06	2,837116826e-12	7,002124575e-12	5,953449539e-12	1,210202858e-11	6,995110047e-11	9,325398787e-11	9,658345087e-13	1,049533859e-13	1,142280021e-11	6,262194539e-13	2,294067104e-14	4,999999912e-15	1,608753075e-14	1,544722466e-14	7,439313054e-12	1,059662069e-13	9,222735287e-15	2,294843664e-14	1,393767304e-14	1,102831923e-10	6,806804426e-11	1	1	1	1	1	1	1	0	0	0	0	0	0	0	0	0	0	1,605663378e-08	39,68549451	0	0,2208606805	30,14562992	0	30,5401974	0,2561489863	0,03537255306	0
243,733	1770205611,772	04/02/2026_12:46:51,772	1	2	2,776670954e-06	2,220472425e-06	2,844609747e-12	6,999322996e-12	5,962874725e-12	1,208172798e-11	6,991200674e-11	9,30651875e-11	9,639620916e-13	1,165621961e-13	1,144327515e-11	6,282025139e-13	2,480336086e-14	4,999999912e-15	2,545530518e-14	8,90840729e-15	7,455662823e-12	1,021399287e-13	1,37708067e-14	3,011591085e-14	1,536573332e-14	1,100324762e-10	6,818914183e-11	1	1	1	1	1	1	1	0	0	0	0	0	0	0	0	0	0	1,740686083e-08	39,6333183	0	0,2387884997	30,12323208	0	30,61876453	0,2571742387	0,03958008749	0
249,469	1770205617,508	04/02/2026_12:46:57,508	1	2	2,781160674e-06	2,242712526e-06	2,849033509e-12	6,982454979e-12	5,962458392e-12	1,210996494e-11	6,98715738e-11	9,290968689e-11	9,592487395e-13	1,207023305e-13	1,144400547e-11	6,414600838e-13	2,574004717e-14	4,999999912e-15	2,996990609e-14	4,999999912e-15	7,468131148e-12	9,519898162e-14	2,204183017e-14	2,646960003e-14	1,879764654e-14	1,099205102e-10	6,812236192e-11	1	1	1	1	1	1	1	0	0	0	0	0	0	0	0	0	0	1,812219554e-08	39,63461606	0	0,2528609878	30,11753269	0	30,6178331	0,2579167405	0,0408012592	0
255,205	1770205623,244	04/02/2026_12:47:03,244	1	2	2,78078187e-06	2,248736337e-06	2,854213177e-12	6,965231343e-12	5,973989966e-12	1,208244269e-11	6,9885632e-11	9,306826143e-11	9,528451162e-13	1,29598128e-13	1,140513812e-11	6,492363071e-13	1,376013832e-14	4,999999912e-15	2,617806823e-14	4,999999912e-15	7,481535357e-12	8,696773228e-14	2,878583195e-14	1,5071779e-14	1,884760455e-14	1,100989092e-10	6,785578349e-11	1	1	1	1	1	1	1	0	0	0	0	0	0	0	0	0	0	1,068840122e-08	39,68800699	0	0,2328879122	30,15294964	0	30,49526065	0,2582182691	0,04330090546	0
260,941	1770205628,980	04/02/2026_12:47:08,980	1	2	2,785274546e-06	2,211130322e-06	2,848743593e-12	6,964859245e-12	5,96968525e-12	1,206545974e-11	6,996857954e-11	9,280576307e-11	9,524512255e-13	1,263558621e-13	1,14116867e-11	6,532100165e-13	4,999999912e-15	4,999999912e-15	2,030283087e-14	4,999999912e-15	7,457003764e-12	8,030863707e-14	3,502196634e-14	1,104370789e-14	2,068701452e-14	1,102238786e-10	6,811064213e-11	1	1	1	1	1	1	1	0	0	0	0	0	0	0	0	0	0	6,255255131e-09	39,71243489	0	0,2829357421	30,08951239	0	30,58456771	0,2580242992	0,04221430449	0
266,677	1770205634,716	04/02/2026_12:47:14,716	1	2	2,780716841e-06	2,220472425e-06	2,833345971e-12	6,975050745e-12	5,969713439e-12	1,20549239e-11	6,989243212e-11	9,281622693e-11	9,524017859e-13	1,222375879e-13	1,141266422e-11	6,530576318e-13	4,999999912e-15	5,815565586e-15	1,437618199e-14	4,999999912e-15	7,461061283e-12	7,213119804e-14	3,499771409e-14	4,999999912e-15	2,665441246e-14	1,101874217e-10	6,791231466e-11	1	1	1	1	1	1	1	0	0	0	0	0	0	0	0	0	0	5,97105562e-09	39,73182403	0	0,2601331009	30,10814772	0	30,52401828	0,2567034805	0,0407720152	0
272,413	1770205640,452	04/02/2026_12:47:20,452	1	2	2,776103202e-06	2,220472425e-06	2,823120427e-12	6,963814508e-12	5,984629025e-12	1,205210931e-11	6,988692264e-11	9,26971902e-11	9,513812264e-13	1,148489127e-13	1,139579577e-11	6,536553525e-13	4,999999912e-15	7,50751051e-15	4,999999912e-15	4,999999912e-15	7,443081741e-12	7,461480029e-14	3,747353719e-14	4,999999912e-15	2,958427231e-14	1,10053841e-10	6,809791619e-11	1	1	1	1	1	1	1	0	0	0	0	0	0	0	0	0	0	6,415789485e-09	39,69556634	0	0,2840631911	30,08616639	0	30,61283783	0,256085731	0,03811077947	0
278,149	1770205646,188	04/02/2026_12:47:26,188	1	2	2,778273256e-06	2,236702585e-06	2,811763626e-12	6,966421363e-12	5,971497602e-12	1,206936894e-11	6,985152734e-11	9,291269143e-11	9,562333564e-13	1,081834817e-13	1,141380653e-11	6,472401282e-13	4,999999912e-15	9,307628317e-15	4,999999912e-15	4,999999912e-15	7,434263274e-12	6,724894079e-14	2,923840843e-14	4,999999912e-15	3,445782545e-14	1,101348943e-10	6,813002246e-11	1	1	1	1	1	1	1	0	0	0	0	0	0	0	0	0	0	5,754539884e-09	39,68530913	0	0,242886235	30,094273	0	30,6022793	0,2544713745	0,03598935027	0
283,885	1770205651,924	04/02/2026_12:47:31,924	1	2	2,782942602e-06	2,191723752e-06	2,791993416e-12	6,972567489e-12	5,958764732e-12	1,204231159e-11	6,984919587e-11	9,275209767e-11	9,59426657e-13	9,567386217e-14	1,138541258e-11	6,414400803e-13	4,999999912e-15	8,637740452e-15	4,999999912e-15	4,999999912e-15	7,425869815e-12	7,105726868e-14	2,377209486e-14	4,999999912e-15	2,967837768e-14	1,097789359e-10	6,792028051e-11	1	1	1	1	1	1	1	0	0	0	0	0	0	0	0	0	0	5,940603233e-09	39,66053919	0	0,2530835363	30,14410401	0	30,58544224	0,2534458278	0,03192574801	0
289,621	1770205657,660	04/02/2026_12:47:37,660	1	2	2,783242735e-06	2,218773716e-06	2,779683601e-12	6,971104683e-12	5,946394852e-12	1,200619031e-11	6,981396711e-11	9,276074353e-11	9,683727344e-13	8,808099107e-14	1,140708882e-11	6,307583037e-13	4,999999912e-15	4,999999912e-15	4,999999912e-15	1,236263221e-14	7,422396031e-12	7,818545074e-14	1,6270395e-14	4,999999912e-15	3,021729392e-14	1,098284796e-10	6,798042684e-11	1	1	1	1	1	1	1	0	0	0	0	0	0	0	0	0	0	5,837359827e-09	39,66522668	0	0,2483566843	30,12631769	0	30,60290107	0,2521948873	0,03000002739	0
295,357	1770205663,396	04/02/2026_12:47:43,396	1	2	2,782805041e-06	2,210285629e-06	2,773261438e-12	6,987441008e-12	5,933322843e-12	1,203601715e-11	6,986536349e-11	9,28191482e-11	9,696419015e-13	7,923903775e-14	1,141194864e-11	6,244446691e-13	4,999999912e-15	5,294115163e-15	4,999999912e-15	1,134397684e-14	7,397820204e-12	8,548682053e-14	6,268148842e-15	4,999999912e-15	2,089414457e-14	1,099891012e-10	6,806263192e-11	1	1	1	1	1	1	1	0	0	0	0	0	0	0	0	0	0	5,787488958e-09	39,68677788	0	0,245355251	30,11909807	0	30,61206108	0,2513617893	0,0268272969	0
301,093	1770205669,132	04/02/2026_12:47:49,132	1	2	2,782209776e-06	2,227292043e-06	2,769753827e-12	6,970677941e-12	5,931787613e-12	1,204592415e-11	6,982524975e-11	9,27744756e-11	9,72659453e-13	8,026594661e-14	1,142052598e-11	6,140838706e-13	4,999999912e-15	4,999999912e-15	4,999999912e-15	9,495352841e-15	7,425476033e-12	9,831461952e-14	4,999999912e-15	4,999999912e-15	2,188612349e-14	1,099141195e-10	6,796153224e-11	1	1	1	1	1	1	1	0	0	0	0	0	0	0	0	0	0	5,904154557e-09	39,68748176	0	0,2522399769	30,1261658	0	30,58751337	0,2512771791	0,02753303508	0
306,829	1770205674,868	04/02/2026_12:47:54,868	1	2	2,784343678e-06	2,240136155e-06	2,765480553e-12	6,988002624e-12	5,939257766e-12	1,20549638e-11	6,981693002e-11	9,284450292e-11	9,676603052e-13	9,300887968e-14	1,142681783e-11	6,135123334e-13	9,498261552e-15	4,999999912e-15	4,999999912e-15	1,42597624e-14	7,416323632e-12	1,015326197e-13	4,999999912e-15	1,146961554e-14	1,387558891e-14	1,098217906e-10	6,778588107e-11	1	1	1	1	1	1	1	0	0	0	0	0	0	0	0	0	0	8,368230309e-09	39,68545188	0	0,2391057525	30,16840235	0	30,53546852	0,2509600397	0,03166223215	0
312,565	1770205680,604	04/02/2026_12:48:00,604	1	2	2,780353725e-06	2,240997219e-06	2,770079522e-12	6,984861908e-12	5,93678405e-12	1,207038722e-11	6,981436262e-11	9,269486567e-11	9,620047814e-13	9,74507069e-14	1,141971847e-11	6,165688619e-13	1,997056017e-14	4,999999912e-15	1,346666851e-14	1,205800528e-14	7,436450761e-12	1,038342996e-13	4,999999912e-15	1,801473399e-14	9,919794275e-15	1,099845909e-10	6,786266687e-11	1	1	1	1	1	1	1	0	0	0	0	0	0	0	0	0	0	1,485690553e-08	39,72392747	0	0,2575963356	30,12012692	0	30,5510677	0,2513398447	0,03284117723	0
318,301	1770205686,340	04/02/2026_12:48:06,340	1	2	2,782119509e-06	2,260837391e-06	2,776640029e-12	6,971716607e-12	5,952460313e-12	1,21010502e-11	6,982774775e-11	9,27766336e-11	9,583788841e-13	1,133946452e-13	1,140260282e-11	6,229413144e-13	2,430568665e-14	4,999999912e-15	2,165522908e-14	6,159970876e-15	7,435092472e-12	9,790135553e-14	1,326147817e-14	2,325403765e-14	1,347103073e-14	1,096562841e-10	6,785780271e-11	1	1	1	1	1	1	1	0	0	0	0	0	0	0	0	0	0	1,732212707e-08	39,64063401	0	0,2526600946	30,16703572	0	30,57661419	0,2520766936	0,03826049761	0
324,037	1770205692,076	04/02/2026_12:48:12,076	1	2	2,779678425e-06	2,186692882e-06	2,784950656e-12	6,964703987e-12	5,953088716e-12	1,206974191e-11	6,984217371e-11	9,285266306e-11	9,513999831e-13	1,218839618e-13	1,141099628e-11	6,325695718e-13	2,129287686e-14	4,999999912e-15	2,536362911e-14	4,999999912e-15	7,445188563e-12	9,472943399e-14	1,360539811e-14	2,50687024e-14	1,048927062e-14	1,099046756e-10	6,791338325e-11	1	1	1	1	1	1	1	0	0	0	0	0	0	0	0	0	0	1,540169663e-08	39,67541054	0	0,2450653123	30,14164868	0	30,56072397	0,2524280779	0,04059982556	0
329,773	1770205697,812	04/02/2026_12:48:17,812	1	2	2,772247853e-06	2,235845614e-06	2,782689877e-12	6,965739183e-12	5,963854844e-12	1,206177172e-11	6,980267059e-11	9,284974178e-11	9,514364123e-13	1,252828814e-13	1,140968309e-11	6,40512708e-13	1,569655559e-14	4,999999912e-15	2,582493172e-14	4,999999912e-15	7,455380931e-12	8,687848211e-14	2,598404517e-14	1,528133495e-14	1,295685462e-14	1,096026533e-10	6,787803652e-11	1	1	1	1	1	1	1	0	0	0	0	0	0	0	0	0	0	1,202286318e-08	39,6144299	0	0,2444596961	30,17062267	0	30,58242697	0,2525219464	0,04190435726	0
335,509	1770205703,548	04/02/2026_12:48:23,548	1	2	2,775751454e-06	2,208592377e-06	2,781840513e-12	6,957920351e-12	5,964016173e-12	1,206142564e-11	6,981140666e-11	9,281664326e-11	9,521627193e-13	1,321171227e-13	1,137469719e-11	6,490912408e-13	4,999999912e-15	4,999999912e-15	2,22436256e-14	4,999999912e-15	7,448644999e-12	7,789537922e-14	3,666006707e-14	6,694040396e-15	1,910809259e-14	1,096979937e-10	6,783767298e-11	1	1	1	1	1	1	1	0	0	0	0	0	0	0	0	0	0	5,768680284e-09	39,64301247	0	0,2537162689	30,16276818	0	30,55987721	0,2525172756	0,04445731109	0
341,245	1770205709,284	04/02/2026_12:48:29,284	1	2	2,780181603e-06	2,216222128e-06	2,775665114e-12	6,963698281e-12	5,970294571e-12	1,205181961e-11	6,975566652e-11	9,27435212e-11	9,51088275e-13	1,252469943e-13	1,137418545e-11	6,500948868e-13	4,999999912e-15	6,455868284e-15	1,190811772e-14	4,999999912e-15	7,445440965e-12	7,558884074e-14	3,656160119e-14	4,999999912e-15	2,810963878e-14	1,096001623e-10	6,802052671e-11	1	1	1	1	1	1	1	0	0	0	0	0	0	0	0	0	0	5,930728882e-09	39,60641344	0	0,257997679	30,13086852	0	30,64013542	0,2520322866	0,04195873999	0
346,981	1770205715,020	04/02/2026_12:48:35,020	1	2	2,772684638e-06	2,200983772e-06	2,766605738e-12	6,956522598e-12	5,965707962e-12	1,204295951e-11	6,992448287e-11	9,264129741e-11	9,594430285e-13	1,179495276e-13	1,135592835e-11	6,471591926e-13	4,999999912e-15	1,495051099e-14	4,999999912e-15	4,999999912e-15	7,423747381e-12	6,720673822e-14	3,521890489e-14	4,999999912e-15	3,479204433e-14	1,095070146e-10	6,793309665e-11	1	1	1	1	1	1	1	0	0	0	0	0	0	0	0	0	0	6,427791552e-09	39,60803642	0	0,2857904699	30,16841237	0	30,62141369	0,2516934913	0,04007900139	0
352,717	1770205720,756	04/02/2026_12:48:40,756	1	2	2,779465149e-06	2,196773494e-06	2,745360363e-12	6,949800978e-12	5,96722758e-12	1,204158301e-11	6,976080824e-11	9,268246587e-11	9,647487887e-13	1,06906278e-13	1,136043256e-11	6,446998968e-13	4,999999912e-15	1,414625829e-14	4,999999912e-15	4,999999912e-15	7,437615628e-12	7,530070724e-14	2,977345204e-14	4,999999912e-15	3,14227065e-14	1,097657382e-10	6,790214918e-11	1	1	1	1	1	1	1	0	0	0	0	0	0	0	0	0	0	5,993783589e-09	39,66920633	0	0,2586327409	30,12510268	0	30,58846967	0,249354037	0,03658397813	0
358,453	1770205726,492	04/02/2026_12:48:46,492	1	2	2,777916734e-06	2,213675998e-06	2,742824847e-12	6,949319592e-12	5,946959071e-12	1,202212722e-11	6,975892086e-11	9,273459084e-11	9,652072978e-13	1,003369073e-13	1,138337948e-11	6,376667315e-13	4,999999912e-15	1,36713608e-14	4,999999912e-15	1,212689108e-14	7,413512512e-12	7,785657156e-14	2,497169172e-14	4,999999912e-15	3,467319883e-14	1,09823324e-10	6,787464341e-11	1	1	1	1	1	1	1	0	0	0	0	0	0	0	0	0	0	5,834436427e-09	39,68421558	0	0,2506453299	30,13075047	0	30,57271293	0,2490040524	0,03420695863	0
364,189	1770205732,228	04/02/2026_12:48:52,228	1	2	2,786523055e-06	2,209436389e-06	2,724859184e-12	6,967989553e-12	5,937372989e-12	1,201799597e-11	6,981570183e-11	9,265145595e-11	9,724654892e-13	8,727817324e-14	1,13811174e-11	6,290648883e-13	4,999999912e-15	1,245236858e-14	4,999999912e-15	9,763113508e-15	7,399494212e-12	8,481402565e-14	1,64571539e-14	4,999999912e-15	3,303509132e-14	1,097001864e-10	6,781803591e-11	1	1	1	1	1	1	1	0	0	0	0	0	0	0	0	0	0	6,051301955e-09	39,6776863	0	0,2618135739	30,15357679	0	30,57361322	0,2477276152	0,03017990585	0
369,925	1770205737,964	04/02/2026_12:48:57,964	1	2	2,766847274e-06	2,207743819e-06	2,72488824e-12	6,977729592e-12	5,935785283e-12	1,203420176e-11	6,977996653e-11	9,279198243e-11	9,712585554e-13	8,473639e-14	1,139104696e-11	6,236067977e-13	4,999999912e-15	7,737437603e-15	4,999999912e-15	1,778432578e-14	7,383912058e-12	9,557492195e-14	1,202550463e-14	4,999999912e-15	2,669807362e-14	1,095831065e-10	6,782757689e-11	1	1	1	1	1	1	1	0	0	0	0	0	0	0	0	0	0	5,71722363e-09	39,64016452	0	0,2450204887	30,18018594	0	30,58560559	0,2475855884	0,02908022737	0
375,661	1770205743,700	04/02/2026_12:49:03,700	1	2	2,774405175e-06	2,218773716e-06	2,714356517e-12	6,985619548e-12	5,931764628e-12	1,203253035e-11	6,978960465e-11	9,262150075e-11	9,716348819e-13	8,636624402e-14	1,137671121e-11	6,179857515e-13	4,999999912e-15	5,655494993e-15	4,999999912e-15	1,722357134e-14	7,398887926e-12	1,023795713e-13	6,967133982e-15	5,605044017e-15	2,079761331e-14	1,100493377e-10	6,766402716e-11	1	1	1	1	1	1	1	0	0	0	0	0	0	0	0	0	0	5,975937446e-09	39,78166895	0	0,2607818956	30,13198917	0	30,48954328	0,2466106165	0,02977474095	0
381,397	1770205749,436	04/02/2026_12:49:09,436	1	2	2,77300569e-06	2,22985409e-06	2,718168138e-12	6,986883728e-12	5,925707407e-12	1,203079997e-11	6,973335104e-11	9,254361166e-11	9,703498855e-13	9,175203864e-14	1,140845925e-11	6,166950089e-13	1,683697195e-14	4,999999912e-15	4,999999912e-15	1,522652176e-14	7,408744625e-12	1,072899975e-13	4,999999912e-15	1,817577528e-14	1,571935602e-14	1,095119898e-10	6,781170764e-11	1	1	1	1	1	1	1	0	0	0	0	0	0	0	0	0	0	1,320559028e-08	39,65511885	0	0,2668538009	30,15081462	0	30,60512868	0,2474054135	0,03175368698	0
387,133	1770205755,172	04/02/2026_12:49:15,172	1	2	2,781410558e-06	2,22985409e-06	2,724493157e-12	6,988281048e-12	5,941120859e-12	1,207321135e-11	6,974409938e-11	9,266552803e-11	9,69754008e-13	1,01136791e-13	1,138723577e-11	6,22594966e-13	2,550575446e-14	4,999999912e-15	1,800066986e-14	1,200513349e-14	7,424489842e-12	1,033506776e-13	1,239319147e-14	2,557560758e-14	1,743409968e-14	1,098836439e-10	6,783928974e-11	1	1	1	1	1	1	1	0	0	0	0	0	0	0	0	0	0	1,810346868e-08	39,71150588	0	0,2554140083	30,12101158	0	30,56116974	0,2473350946	0,03495781828	0
392,869	1770205760,908	04/02/2026_12:49:20,908	1	2	2,769928187e-06	2,212825393e-06	2,727643198e-12	6,977048713e-12	5,950016087e-12	1,206993706e-11	6,980972744e-11	9,261541534e-11	9,580625139e-13	1,129251044e-13	1,139174432e-11	6,280733312e-13	2,357418731e-14	4,999999912e-15	2,053567345e-14	5,459524604e-15	7,438652125e-12	1,004955193e-13	1,307326999e-14	2,522343838e-14	1,355834543e-14	1,098869468e-10	6,765479149e-11	1	1	1	1	1	1	1	0	0	0	0	0	0	0	0	0	0	1,711759313e-08	39,73927828	0	0,264194007	30,14744408	0	30,49589687	0,2478753998	0,03817303974	0
398,605	1770205766,644	04/02/2026_12:49:26,644	1	2	2,767209935e-06	2,228999847e-06	2,736929173e-12	6,971917835e-12	5,954189832e-12	1,206822055e-11	6,973823602e-11	9,27433616e-11	9,527355033e-13	1,264557849e-13	1,13883486e-11	6,412567417e-13	2,172410641e-14	4,999999912e-15	3,328831351e-14	4,999999912e-15	7,445127848e-12	9,351529696e-14	2,591127826e-14	2,317157391e-14	1,932201584e-14	1,096203545e-10	6,770012329e-11	1	1	1	1	1	1	1	0	0	0	0	0	0	0	0	0	0	1,559043936e-08	39,6583712	0	0,2458339745	30,17115639	0	30,53225976	0,248596747	0,04257476329	0
404,341	1770205772,380	04/02/2026_12:49:32,380	1	2	2,777967211e-06	2,195931756e-06	2,736866072e-12	6,958810264e-12	5,956394232e-12	1,202709893e-11	6,971642708e-11	9,245751387e-11	9,493510578e-13	1,253357634e-13	1,137343778e-11	6,47474858e-13	1,292823338e-14	4,999999912e-15	2,479900542e-14	4,999999912e-15	7,46087133e-12	8,698568938e-14	2,947900984e-14	1,367719008e-14	1,754227426e-14	1,09459844e-10	6,765269595e-11	1	1	1	1	1	1	1	0	0	0	0	0	0	0	0	0	0	1,085674219e-08	39,66287234	0	0,2760214796	30,15514557	0	30,55298802	0,2492744606	0,04211593128	0
410,077	1770205778,116	04/02/2026_12:49:38,116	1	2	2,768410923e-06	2,206895488e-06	2,737269396e-12	6,949873836e-12	5,961082756e-12	1,203001067e-11	6,96525268e-11	9,234594339e-11	9,504395968e-13	1,279474031e-13	1,137157209e-11	6,510626998e-13	4,999999912e-15	4,999999912e-15	1,831839361e-14	4,999999912e-15	7,455721804e-12	7,5794026e-14	3,505155828e-14	8,104639938e-15	2,519482053e-14	1,094844562e-10	6,805600528e-11	1	1	1	1	1	1	1	0	0	0	0	0	0	0	0	0	0	6,307140752e-09	39,62576112	0	0,2894734862	30,07410864	0	30,69640277	0,2491405066	0,04325288341	0
415,813	1770205783,852	04/02/2026_12:49:43,852	1	2	2,779209126e-06	2,225585831e-06	2,727896685e-12	6,940245687e-12	5,963610682e-12	1,204047799e-11	6,960702847e-11	9,241398619e-11	9,512821303e-13	1,261143289e-13	1,135641841e-11	6,517577276e-13	4,999999912e-15	6,151244743e-15	8,518412145e-15	4,999999912e-15	7,427889033e-12	7,516777728e-14	3,528294058e-14	4,999999912e-15	3,007904798e-14	1,097393287e-10	6,781865347e-11	1	1	1	1	1	1	1	0	0	0	0	0	0	0	0	0	0	6,137862051e-09	39,71162139	0	0,2717507152	30,08359276	0	30,58921258	0,2481757986	0,04261918887	0
421,549	1770205789,588	04/02/2026_12:49:49,588	1	2	2,768786544e-06	2,219624321e-06	2,713309829e-12	6,936220695e-12	5,969409862e-12	1,202473364e-11	6,965275579e-11	9,253361272e-11	9,552313367e-13	1,143507354e-13	1,135538191e-11	6,480172844e-13	4,999999912e-15	1,349771396e-14	4,999999912e-15	4,999999912e-15	7,442596019e-12	6,620213682e-14	3,349445761e-14	4,999999912e-15	3,220998636e-14	1,0983571e-10	6,774774491e-11	1	1	1	1	1	1	1	0	0	0	0	0	0	0	0	0	0	5,919099326e-09	39,72585715	0	0,2549759164	30,10296308	0	30,54330052	0,2466199428	0,03858509444	0
427,285	1770205795,324	04/02/2026_12:49:55,324	1	2	2,777790314e-06	2,217923793e-06	2,695868485e-12	6,93439273e-12	5,945057814e-12	1,200881842e-11	6,965870242e-11	9,242936971e-11	9,554717044e-13	1,013351864e-13	1,133544647e-11	6,468666748e-13	4,999999912e-15	1,500532419e-14	4,999999912e-15	4,999999912e-15	7,425731904e-12	6,839080897e-14	2,746594456e-14	4,999999912e-15	3,205669711e-14	1,09609391e-10	6,786996659e-11	1	1	1	1	1	1	1	0	0	0	0	0	0	0	0	0	0	6,123175326e-09	39,67673505	0	0,2677720487	30,10279615	0	30,62045246	0,2453497781	0,03398646658	0
433,021	1770205801,060	04/02/2026_12:50:01,060	1	2	2,773504548e-06	2,20182983e-06	2,686636504e-12	6,945528788e-12	5,938652348e-12	1,200568291e-11	6,956871884e-11	9,251496097e-11	9,623560629e-13	9,412113558e-14	1,137358176e-11	6,359874649e-13	4,999999912e-15	1,071919856e-14	4,999999912e-15	1,570578316e-14	7,420630083e-12	7,199393805e-14	1,934966469e-14	4,999999912e-15	3,098759923e-14	1,094920335e-10	6,784969114e-11	1	1	1	1	1	1	1	0	0	0	0	0	0	0	0	0	0	5,596135117e-09	39,64903279	0	0,2407151951	30,11539048	0	30,62636871	0,244326979	0,03199742079	0
438,757	1770205806,796	04/02/2026_12:50:06,796	1	2	2,77658296e-06	2,233276973e-06	2,673192613e-12	6,951062122e-12	5,929592754e-12	1,20028527e-11	6,95884253e-11	9,243267263e-11	9,638932447e-13	9,046997635e-14	1,136261831e-11	6,270295698e-13	4,999999912e-15	4,999999912e-15	4,999999912e-15	1,237669974e-14	7,400229735e-12	8,112937134e-14	1,617581191e-14	4,999999912e-15	2,815524303e-14	1,097381214e-10	6,759397903e-11	1	1	1	1	1	1	1	0	0	0	0	0	0	0	0	0	0	5,810801552e-09	39,7519665	0	0,2493995779	30,12026712	0	30,52161878	0,2433125615	0,03084253873	0
444,493	1770205812,532	04/02/2026_12:50:12,532	1	2	2,76783112e-06	2,208592377e-06	2,66650829e-12	6,970686615e-12	5,92093128e-12	1,202550819e-11	6,958637833e-11	9,242733662e-11	9,707090817e-13	8,411500663e-14	1,137045666e-11	6,195977433e-13	4,999999912e-15	4,999999912e-15	4,999999912e-15	1,448144108e-14	7,385376165e-12	9,399113974e-14	8,672177424e-15	4,999999912e-15	2,465250429e-14	1,095568913e-10	6,776425948e-11	1	1	1	1	1	1	1	0	0	0	0	0	0	0	0	0	0	5,853610973e-09	39,69336605	0	0,2547510134	30,119381	0	30,6029182	0,2427671605	0,02917655911	0
450,229	1770205818,268	04/02/2026_12:50:18,268	1	2	2,77318486e-06	2,238419711e-06	2,661431839e-12	6,975299244e-12	5,904875981e-12	1,2020278e-11	6,959656462e-11	9,236543475e-11	9,654701084e-13	8,571576337e-14	1,135972826e-11	6,13629373e-13	4,999999912e-15	4,999999912e-15	4,999999912e-15	1,424860867e-14	7,383943283e-12	9,326159365e-14	4,999999912e-15	6,436952344e-15	2,063996015e-14	1,095653776e-10	6,759495741e-11	1	1	1	1	1	1	1	0	0	0	0	0	0	0	0	0	0	5,874425115e-09	39,72649305	0	0,2549861192	30,13596873	0	30,54920039	0,2425042085	0,02932180162	0
455,965	1770205824,004	04/02/2026_12:50:24,004	1	2	2,774356972e-06	2,202673613e-06	2,662303754e-12	6,9728728e-12	5,924199065e-12	1,202476833e-11	6,967396798e-11	9,230043813e-11	9,689806466e-13	8,800387041e-14	1,137202658e-11	6,169942487e-13	1,306938803e-14	4,999999912e-15	4,999999912e-15	1,382222414e-14	7,383700422e-12	1,023815093e-13	4,999999912e-15	1,322073249e-14	1,598372347e-14	1,096797375e-10	6,767689187e-11	1	1	1	1	1	1	1	0	0	0	0	0	0	0	0	0	0	1,113549596e-08	39,74634316	0	0,281041334	30,11770018	0	30,56543761	0,2426527986	0,03046407715	0
461,701	1770205829,740	04/02/2026_12:50:29,740	1	2	2,778015414e-06	2,208592377e-06	2,671537687e-12	6,970823224e-12	5,940443883e-12	1,204823307e-11	6,96770211e-11	9,242018956e-11	9,634119674e-13	1,014443317e-13	1,136521172e-11	6,181895273e-13	1,525222921e-14	4,999999912e-15	1,268326637e-14	1,203132883e-14	7,409970207e-12	1,001753815e-13	4,999999912e-15	2,314538027e-14	1,140655224e-14	1,094752761e-10	6,775213029e-11	1	1	1	1	1	1	1	0	0	0	0	0	0	0	0	0	0	1,211974556e-08	39,67139384	0	0,2665734807	30,14116165	0	30,60042841	0,2433110002	0,03476741504	0
467,437	1770205835,476	04/02/2026_12:50:35,476	1	2	2,776491556e-06	2,179159992e-06	2,67874503e-12	6,971320222e-12	5,933198377e-12	1,20568425e-11	6,964748916e-11	9,240287008e-11	9,586631619e-13	1,080811466e-13	1,137509358e-11	6,2912208e-13	2,660202855e-14	4,999999912e-15	2,240321169e-14	4,999999912e-15	7,437822927e-12	1,031896465e-13	8,762887876e-15	2,099455524e-14	1,661335525e-14	1,09656742e-10	6,7631796e-11	1	1	1	1	1	1	1	0	0	0	0	0	0	0	0	0	0	1,889365591e-08	39,72388494	0	0,2639422575	30,12572556	0	30,5371114	0,2438479483	0,03675116543	0
473,173	1770205841,212	04/02/2026_12:50:41,212	1	2	2,773216238e-06	2,194246917e-06	2,684900262e-12	6,963820146e-12	5,936621854e-12	1,204843256e-11	6,956490245e-11	9,243445592e-11	9,554218311e-13	1,188197354e-13	1,135236349e-11	6,335585268e-13	2,11391065e-14	4,999999912e-15	2,596269486e-14	6,780872284e-15	7,433277084e-12	9,350850037e-14	2,14185054e-14	2,328896421e-14	1,446446654e-14	1,094467225e-10	6,773242384e-11	1	1	1	1	1	1	1	0	0	0	0	0	0	0	0	0	0	1,54272578e-08	39,66277902	0	0,2564417455	30,12607814	0	30,59652075	0,2444096027	0,04040623068	0
478,909	1770205846,948	04/02/2026_12:50:46,948	1	2	2,77492245e-06	2,227292043e-06	2,685336111e-12	6,952734395e-12	5,946279493e-12	1,202780757e-11	6,948289166e-11	9,230167325e-11	9,541358589e-13	1,25774296e-13	1,134912737e-11	6,383070071e-13	1,712511053e-14	4,999999912e-15	2,62134776e-14	4,999999912e-15	7,442706174e-12	8,625806775e-14	2,388124014e-14	2,0217948e-14	1,546808878e-14	1,094357174e-10	6,760460941e-11	1	1	1	1	1	1	1	0	0	0	0	0	0	0	0	0	0	1,298387122e-08	39,69349112	0	0,2547879817	30,11330867	0	30,56509073	0,2446517079	0,04297193157	0
484,645	1770205852,684	04/02/2026_12:50:52,684	1	2	2,788154461e-06	2,220472425e-06	2,687026816e-12	6,951822364e-12	5,950707375e-12	1,202062842e-11	6,960949872e-11	9,240361254e-11	9,485527598e-13	1,299992828e-13	1,136698895e-11	6,483277457e-13	9,584121894e-15	4,999999912e-15	2,271996136e-14	4,999999912e-15	7,430866686e-12	7,553887257e-14	3,35623761e-14	6,475754923e-15	2,27626552e-14	1,094808133e-10	6,760561555e-11	1	1	1	1	1	1	1	0	0	0	0	0	0	0	0	0	0	8,647309077e-09	39,68815928	0	0,2630286664	30,13975759	0	30,5473766	0,244776031	0,04384501384	0
490,381	1770205858,420	04/02/2026_12:50:58,420	1	2	2,775684834e-06	2,212825393e-06	2,678659378e-12	6,945972009e-12	5,953839852e-12	1,200926945e-11	6,964510219e-11	9,219522368e-11	9,475238519e-13	1,261550678e-13	1,134090998e-11	6,50570201e-13	4,999999912e-15	5,708852987e-15	1,032289387e-14	4,999999912e-15	7,426272271e-12	7,22301857e-14	3,524025351e-14	4,999999912e-15	2,742471777e-14	1,09360826e-10	6,769183825e-11	1	1	1	1	1	1	1	0	0	0	0	0	0	0	0	0	0	6,520653231e-09	39,67410791	0	0,2962899316	30,12212829	0	30,60298135	0,2445281484	0,04250553907	0
496,117	1770205864,156	04/02/2026_12:51:04,156	1	2	2,769155117e-06	2,209436389e-06	2,667048223e-12	6,92779124e-12	5,951886987e-12	1,200735778e-11	6,946158232e-11	9,249058464e-11	9,487204859e-13	1,202987363e-13	1,132831762e-11	6,456782266e-13	4,999999912e-15	9,790765746e-15	4,999999912e-15	4,999999912e-15	7,426405844e-12	6,738669545e-14	3,452185437e-14	4,999999912e-15	3,258931482e-14	1,093254029e-10	6,765665805e-11	1	1	1	1	1	1	1	0	0	0	0	0	0	0	0	0	0	5,613955234e-09	39,64250402	0	0,2345208513	30,13843846	0	30,58433595	0,2428997818	0,04037399288	0
501,853	1770205869,892	04/02/2026_12:51:09,892	1	2	2,781923968e-06	2,216222128e-06	2,661576905e-12	6,931432858e-12	5,95498954e-12	1,20040063e-11	6,956221016e-11	9,237050014e-11	9,592485226e-13	1,063906585e-13	1,133688889e-11	6,435400173e-13	4,999999912e-15	1,082300584e-14	4,999999912e-15	4,999999912e-15	7,422788079e-12	6,896610697e-14	3,255050038e-14	4,999999912e-15	3,613618736e-14	1,096110286e-10	6,760395715e-11	1	1	1	1	1	1	1	0	0	0	0	0	0	0	0	0	0	6,00707327e-09	39,72439006	0	0,2596686897	30,11651386	0	30,5391737	0,2424768968	0,03627566358	0
507,589	1770205875,628	04/02/2026_12:51:15,628	1	2	2,776243718e-06	2,194246917e-06	2,640437131e-12	6,928885417e-12	5,944727783e-12	1,200113967e-11	6,955192672e-11	9,235276432e-11	9,63612328e-13	1,018678143e-13	1,133875892e-11	6,400862913e-13	4,999999912e-15	1,122076404e-14	4,999999912e-15	1,126345111e-14	7,397288511e-12	7,259252607e-14	2,067392278e-14	4,999999912e-15	3,242826336e-14	1,096463753e-10	6,75961162e-11	1	1	1	1	1	1	1	0	0	0	0	0	0	0	0	0	0	5,825394444e-09	39,74114906	0	0,2532434476	30,11439036	0	30,5385983	0,2404946892	0,03504885001	0
513,325	1770205881,364	04/02/2026_12:51:21,364	1	2	2,775190296e-06	2,193404043e-06	2,622392321e-12	6,955148697e-12	5,925730826e-12	1,198525914e-11	6,959585686e-11	9,230521902e-11	9,640140249e-13	9,147942278e-14	1,133713349e-11	6,255069162e-13	4,999999912e-15	8,168670547e-15	4,999999912e-15	1,172330868e-14	7,381810441e-12	8,13956785e-14	1,341136403e-14	4,999999912e-15	2,918213834e-14	1,093576271e-10	6,756843696e-11	1	1	1	1	1	1	1	0	0	0	0	0	0	0	0	0	0	6,002016676e-09	39,69157563	0	0,2615759481	30,15362797	0	30,56656876	0,2392773743	0,03135633121	0
519,061	1770205887,100	04/02/2026_12:51:27,100	1	2	2,769764478e-06	2,191723752e-06	2,61631862e-12	6,972874101e-12	5,907282042e-12	1,199105745e-11	6,951676734e-11	9,224157549e-11	9,676437169e-13	8,263890603e-14	1,135698133e-11	6,190684358e-13	4,999999912e-15	4,999999912e-15	4,999999912e-15	8,806543954e-15	7,368507714e-12	9,012075483e-14	6,67609685e-15	4,999999912e-15	2,287373849e-14	1,093869509e-10	6,773547695e-11	1	1	1	1	1	1	1	0	0	0	0	0	0	0	0	0	0	6,01243834e-09	39,68922816	0	0,2601118502	30,11152866	0	30,63217453	0,2386505061	0,02855469726	0
524,797	1770205892,836	04/02/2026_12:51:32,836	1	2	2,777378086e-06	2,211980018e-06	2,610228006e-12	6,967342068e-12	5,901027063e-12	1,201089228e-11	6,949040648e-11	9,222955039e-11	9,639940755e-13	8,36692369e-14	1,136562025e-11	6,192178389e-13	4,999999912e-15	4,999999912e-15	4,999999912e-15	1,180237413e-14	7,379659384e-12	9,82079137e-14	4,999999912e-15	7,390121907e-15	1,496118022e-14	1,094546537e-10	6,771014999e-11	1	1	1	1	1	1	1	0	0	0	0	0	0	0	0	0	0	6,00082538e-09	39,71026941	0	0,2626221099	30,10294807	0	30,61833484	0,2380711239	0,02861086888	0
530,533	1770205898,572	04/02/2026_12:51:38,572	1	2	2,772557082e-06	2,220472425e-06	2,611481344e-12	6,978509784e-12	5,911844365e-12	1,201879308e-11	6,955337001e-11	9,230677334e-11	9,635477095e-13	8,621877897e-14	1,136316128e-11	6,175783084e-13	1,549282722e-14	4,999999912e-15	4,999999912e-15	1,077013065e-14	7,384084663e-12	9,961075611e-14	4,999999912e-15	1,222924316e-14	1,5135813e-14	1,095911764e-10	6,759813542e-11	1	1	1	1	1	1	1	0	0	0	0	0	0	0	0	0	0	1,228483516e-08	39,74301123	0	0,2585453766	30,12156449	0	30,55610023	0,2380653468	0,02939357904	0
536,269	1770205904,308	04/02/2026_12:51:44,308	1	2	2,77601066e-06	2,227292043e-06	2,617650671e-12	6,95998684e-12	5,925604625e-12	1,203604837e-11	6,94923355e-11	9,222687197e-11	9,624912629e-13	9,918679918e-14	1,134939105e-11	6,152082966e-13	2,059679873e-14	4,999999912e-15	1,129886217e-14	4,999999912e-15	7,410193119e-12	1,028073975e-13	4,999999912e-15	2,104694254e-14	1,365050854e-14	1,094785096e-10	6,751248866e-11	1	1	1	1	1	1	1	0	0	0	0	0	0	0	0	0	0	1,530878359e-08	39,73572095	0	0,2592745678	30,12256082	0	30,54274345	0,2387988573	0,03411728621	0
542,005	1770205910,044	04/02/2026_12:51:50,044	1	2	2,764181772e-06	2,202673613e-06	2,625587031e-12	6,948030259e-12	5,924309654e-12	1,203322685e-11	6,958260357e-11	9,221080843e-11	9,552175674e-13	1,094301245e-13	1,136706007e-11	6,228011813e-13	2,286937627e-14	4,999999912e-15	2,258608441e-14	4,999999912e-15	7,42321829e-12	9,506414075e-14	1,174756093e-14	2,053324924e-14	1,023800592e-14	1,093058144e-10	6,777956668e-11	1	1	1	1	1	1	1	0	0	0	0	0	0	0	0	0	0	1,687611473e-08	39,65771289	0	0,2806813116	30,11480102	0	30,64619039	0,2395191542	0,03715184227	0
547,741	1770205915,780	04/02/2026_12:51:55,780	1	2	2,773475217e-06	2,179159992e-06	2,640621445e-12	6,938098533e-12	5,934199746e-12	1,202812936e-11	6,947305925e-11	9,231601594e-11	9,448708092e-13	1,237893387e-13	1,133687068e-11	6,357806534e-13	1,447271326e-14	4,999999912e-15	2,216795337e-14	4,999999912e-15	7,404896141e-12	9,157256252e-14	1,909451465e-14	2,064676013e-14	1,633539969e-14	1,089339105e-10	6,762885391e-11	1	1	1	1	1	1	1	0	0	0	0	0	0	0	0	0	0	1,143181752e-08	39,58845719	0	0,2552268658	30,17140221	0	30,63468011	0,2410852686	0,0414802666	0
553,477	1770205921,516	04/02/2026_12:52:01,516	1	2	2,772657581e-06	2,210285629e-06	2,642906727e-12	6,92869373e-12	5,941215402e-12	1,201504347e-11	6,952587811e-11	9,231078402e-11	9,470861595e-13	1,27149471e-13	1,134076253e-11	6,430835682e-13	1,304222707e-14	4,999999912e-15	2,216941027e-14	4,999999912e-15	7,434849611e-12	8,555519303e-14	2,859569e-14	1,966641775e-14	1,96470173e-14	1,090198487e-10	6,770518868e-11	1	1	1	1	1	1	1	0	0	0	0	0	0	0	0	0	0	1,082359968e-08	39,59011107	0	0,2703780831	30,15438384	0	30,64421714	0,2412436925	0,04286037822	0
559,213	1770205927,252	04/02/2026_12:52:07,252	1	2	2,76381752e-06	2,214524557e-06	2,640532324e-12	6,944314047e-12	5,942289629e-12	1,202790645e-11	6,953679993e-11	9,22469115e-11	9,450634719e-13	1,239508713e-13	1,132710679e-11	6,477472096e-13	4,999999912e-15	4,999999912e-15	2,031544827e-14	4,999999912e-15	7,420846056e-12	7,88427212e-14	2,725008668e-14	6,360793917e-15	2,362948501e-14	1,092980151e-10	6,748910458e-11	1	1	1	1	1	1	1	0	0	0	0	0	0	0	0	0	0	5,926271119e-09	39,68853645	0	0,2665473445	30,14873135	0	30,54528514	0,2409969915	0,04152300151	0
564,949	1770205932,988	04/02/2026_12:52:12,988	1	2	2,774855602e-06	2,211980018e-06	2,635823851e-12	6,931377347e-12	5,939076921e-12	1,199340453e-11	6,946263703e-11	9,224378206e-11	9,519365548e-13	1,241240319e-13	1,133365016e-11	6,483006406e-13	4,999999912e-15	6,114864677e-15	1,127994792e-14	4,999999912e-15	7,413123067e-12	7,354036949e-14	3,398148462e-14	4,999999912e-15	2,80790863e-14	1,091036081e-10	6,745540931e-11	1	1	1	1	1	1	1	0	0	0	0	0	0	0	0	0	0	5,973347427e-09	39,65515829	0	0,2609214496	30,16226432	0	30,55994192	0,240814476	0,04229615103	0
570,685	1770205938,724	04/02/2026_12:52:18,724	1	2	2,773811048e-06	2,190886335e-06	2,62142196e-12	6,923651756e-12	5,944190019e-12	1,199625902e-11	6,951124398e-11	9,223133368e-11	9,460095467e-13	1,179058614e-13	1,130704905e-11	6,49292523e-13	4,999999912e-15	1,05237186e-14	4,999999912e-15	4,999999912e-15	7,420978762e-12	6,710292586e-14	3,582137571e-14	4,999999912e-15	3,291479909e-14	1,093074381e-10	6,747755826e-11	1	1	1	1	1	1	1	0	0	0	0	0	0	0	0	0	0	6,137810127e-09	39,69519685	0	0,2683627796	30,14294432	0	30,54292789	0,2393955819	0,03943758433	0
576,421	1770205944,460	04/02/2026_12:52:24,460	1	2	2,77933259e-06	2,189205588e-06	2,608401993e-12	6,908550555e-12	5,940174134e-12	1,197928822e-11	6,938230546e-11	9,210432417e-11	9,595623992e-13	1,055306152e-13	1,134248338e-11	6,392651165e-13	4,999999912e-15	1,676566702e-14	4,999999912e-15	4,999999912e-15	7,395035105e-12	7,398906656e-14	2,568329426e-14	4,999999912e-15	3,032838059e-14	1,092221452e-10	6,762033294e-11	1	1	1	1	1	1	1	0	0	0	0	0	0	0	0	0	0	6,041454071e-09	39,68275599	0	0,2653354267	30,10206278	0	30,62020935	0,238267484	0,03634610099	0
582,157	1770205950,196	04/02/2026_12:52:30,196	1	2	2,764401643e-06	2,20605466e-06	2,594505773e-12	6,927181918e-12	5,932599464e-12	1,197384986e-11	6,948591702e-11	9,220892105e-11	9,613086152e-13	9,734641343e-14	1,132517084e-11	6,296702526e-13	4,999999912e-15	1,288700321e-14	4,999999912e-15	1,050819249e-14	7,393075735e-12	7,374263418e-14	2,286791768e-14	4,999999912e-15	3,483958998e-14	1,091079796e-10	6,740495662e-11	1	1	1	1	1	1	1	0	0	0	0	0	0	0	0	0	0	5,942348008e-09	39,67277398	0	0,259006903	30,17229568	0	30,54831311	0,23714505	0,03341163319	0
587,893	1770205955,932	04/02/2026_12:52:35,932	1	2	2,770137826e-06	2,211130322e-06	2,580693688e-12	6,959305961e-12	5,916728045e-12	1,198338304e-11	6,945577447e-11	9,216215291e-11	9,657742271e-13	8,819887095e-14	1,131778091e-11	6,242345508e-13	4,999999912e-15	8,951098597e-15	4,999999912e-15	1,177229768e-14	7,363670437e-12	8,308618008e-14	1,420156446e-14	4,999999912e-15	2,665829864e-14	1,095488769e-10	6,748431675e-11	1	1	1	1	1	1	1	0	0	0	0	0	0	0	0	0	0	5,922834201e-09	39,77069903	0	0,2574354626	30,10963428	0	30,53823919	0,2355218018	0,03048784025	0
593,629	1770205961,668	04/02/2026_12:52:41,668	1	2	2,771620984e-06	2,217071597e-06	2,577486185e-12	6,970245128e-12	5,912745554e-12	1,200462039e-11	6,954629928e-11	9,229408904e-11	9,701515849e-13	8,467721966e-14	1,136499662e-11	6,201754605e-13	4,999999912e-15	6,543182134e-15	4,999999912e-15	1,953156841e-14	7,375510792e-12	9,359678831e-14	1,185185271e-14	4,999999912e-15	2,284560175e-14	1,095032606e-10	6,756901288e-11	1	1	1	1	1	1	1	0	0	0	0	0	0	0	0	0	0	5,94137428e-09	39,73116855	0	0,2627320209	30,13268446	0	30,55795708	0,2350940568	0,02946243832	0
599,365	1770205967,404	04/02/2026_12:52:47,404	1	2	2,770989113e-06	2,220472425e-06	2,570114694e-12	6,9693782e-12	5,913517939e-12	1,201319513e-11	6,952408788e-11	9,218262959e-11	9,674637393e-13	8,387343283e-14	1,134672131e-11	6,152174039e-13	4,999999912e-15	4,999999912e-15	4,999999912e-15	1,928467016e-14	7,379565709e-12	1,008472074e-13	4,999999912e-15	8,345243035e-15	2,476019945e-14	1,094983409e-10	6,76325454e-11	1	1	1	1	1	1	1	0	0	0	0	0	0	0	0	0	0	6,075797925e-09	39,73374188	0	0,273254239	30,10753057	0	30,58810503	0,2345239244	0,029014064	0
605,101	1770205973,140	04/02/2026_12:52:53,140	1	2	2,775524081e-06	2,198455149e-06	2,580794736e-12	6,978915276e-12	5,902870207e-12	1,201259058e-11	6,946131864e-11	9,221673425e-11	9,663511311e-13	9,743128613e-14	1,134530837e-11	6,135149355e-13	1,545159874e-14	4,999999912e-15	4,999999912e-15	1,382174133e-14	7,376704282e-12	1,059977572e-13	4,999999912e-15	1,568831396e-14	1,642174962e-14	1,090036048e-10	6,736357305e-11	1	1	1	1	1	1	1	0	0	0	0	0	0	0	0	0	0	1,218455237e-08	39,66198205	0	0,2556177553	30,19215766	0	30,5524533	0,2360242095	0,03392721092	0
610,837	1770205978,876	04/02/2026_12:52:58,876	1	2	2,775820803e-06	2,196773494e-06	2,586233961e-12	6,962895972e-12	5,914499793e-12	1,202597744e-11	6,945616304e-11	9,217750174e-11	9,607493837e-13	1,028932798e-13	1,135287871e-11	6,162991666e-13	2,570027389e-14	4,999999912e-15	1,904115496e-14	8,125018704e-15	7,39290313e-12	1,105885132e-13	4,999999912e-15	2,305758869e-14	1,653040701e-14	1,091970264e-10	6,761502469e-11	1	1	1	1	1	1	1	0	0	0	0	0	0	0	0	0	0	1,839445181e-08	39,67027851	0	0,2669086173	30,12936441	0	30,61622347	0,2361667315	0,03539988143	0
616,573	1770205984,612	04/02/2026_12:53:04,612	1	2	2,763659495e-06	2,211130322e-06	2,596451266e-12	6,964973303e-12	5,924171743e-12	1,201782857e-11	6,947193515e-11	9,20816548e-11	9,562808444e-13	1,12346425e-13	1,136820672e-11	6,276110816e-13	2,585356144e-14	4,999999912e-15	2,650161957e-14	5,786956201e-15	7,405596102e-12	1,070746139e-13	1,057173859e-14	2,990491155e-14	2,051772821e-14	1,090758595e-10	6,762583549e-11	1	1	1	1	1	1	1	0	0	0	0	0	0	0	0	0	0	1,864127716e-08	39,64885352	0	0,2809147488	30,1278415	0	30,63521635	0,2373024092	0,03851071025	0
622,309	1770205990,348	04/02/2026_12:53:10,348	1	2	2,76422611e-06	2,220472425e-06	2,606086787e-12	6,939014467e-12	5,928679422e-12	1,202374051e-11	6,940075598e-11	9,220003927e-11	9,580563339e-13	1,25472549e-13	1,134851154e-11	6,343206667e-13	2,362415378e-14	4,999999912e-15	2,496296389e-14	4,999999912e-15	7,408799269e-12	9,399503609e-14	2,266564452e-14	2,375609102e-14	1,772563487e-14	1,090555007e-10	6,741297798e-11	1	1	1	1	1	1	1	0	0	0	0	0	0	0	0	0	0	1,694765937e-08	39,66081796	0	0,2568701803	30,16158075	0	30,5591357	0,2381183755	0,04342639277	0
628,045	1770205996,084	04/02/2026_12:53:16,084	1	2	2,771693289e-06	2,210285629e-06	2,61322344e-12	6,935845127e-12	5,930260623e-12	1,201035365e-11	6,955708232e-11	9,217789726e-11	9,498817748e-13	1,311071884e-13	1,130568555e-11	6,458461695e-13	2,056235838e-14	4,999999912e-15	3,211491877e-14	4,999999912e-15	7,436185348e-12	8,813919917e-14	3,418715438e-14	1,894414598e-14	1,979011505e-14	1,091239599e-10	6,759445781e-11	1	1	1	1	1	1	1	0	0	0	0	0	0	0	0	0	0	1,559365737e-08	39,64225856	0	0,2913932659	30,1468705	0	30,60332662	0,2387672343	0,04463470403	0
633,781	1770206001,820	04/02/2026_12:53:21,820	1	2	2,77151571e-06	2,188366807e-06	2,610358327e-12	6,935623516e-12	5,948236261e-12	1,201218725e-11	6,946718201e-11	9,199942891e-11	9,493373969e-13	1,315059444e-13	1,131985478e-11	6,442288651e-13	7,664196358e-15	5,696730251e-15	2,282959791e-14	4,999999912e-15	7,428365215e-12	8,061180711e-14	3,176274619e-14	1,605018507e-14	2,747855518e-14	1,09152791e-10	6,741047304e-11	1	1	1	1	1	1	1	0	0	0	0	0	0	0	0	0	0	7,828253947e-09	39,69724475	0	0,2888428593	30,13251431	0	30,55315129	0,2387790861	0,04492322044	0
639,517	1770206007,556	04/02/2026_12:53:27,556	1	2	2,76841115e-06	2,18752848e-06	2,597703302e-12	6,924901624e-12	5,947313388e-12	1,199165506e-11	6,948357167e-11	9,215180008e-11	9,419113709e-13	1,25523493e-13	1,130323959e-11	6,508447752e-13	4,999999912e-15	1,235342158e-14	1,235729929e-14	4,999999912e-15	7,422010055e-12	7,363592158e-14	4,024720756e-14	4,999999912e-15	2,600538193e-14	1,092933313e-10	6,74400466e-11	1	1	1	1	1	1	1	0	0	0	0	0	0	0	0	0	0	6,231105932e-09	39,7090736	0	0,2794297891	30,13689163	0	30,53989744	0,2374057467	0,0419193327	0
645,253	1770206013,292	04/02/2026_12:53:33,292	1	2	2,761529458e-06	2,193404043e-06	2,586940427e-12	6,915426131e-12	5,949611463e-12	1,200241122e-11	6,929612439e-11	9,210432417e-11	9,494941725e-13	1,19114652e-13	1,129574819e-11	6,50578983e-13	4,999999912e-15	7,648190824e-15	7,364900654e-15	4,999999912e-15	7,421769796e-12	7,29704044e-14	3,343480617e-14	4,999999912e-15	2,914673236e-14	1,090906879e-10	6,752965548e-11	1	1	1	1	1	1	1	0	0	0	0	0	0	0	0	0	0	5,875842568e-09	39,66358992	0	0,2567168227	30,112627	0	30,60508201	0,2364122108	0,04044142924	0
650,989	1770206019,028	04/02/2026_12:53:39,028	1	2	2,763436214e-06	2,200983772e-06	2,574900146e-12	6,927271257e-12	5,944102415e-12	1,197365124e-11	6,933652957e-11	9,21277013e-11	9,548736584e-13	1,081665207e-13	1,131076049e-11	6,433309831e-13	4,999999912e-15	9,659313009e-15	4,999999912e-15	4,999999912e-15	7,403784183e-12	6,557106339e-14	3,517428319e-14	4,999999912e-15	3,332323499e-14	1,093065638e-10	6,747020304e-11	1	1	1	1	1	1	1	0	0	0	0	0	0	0	0	0	0	5,895528664e-09	39,71871527	0	0,2530989217	30,10800888	0	30,56057964	0,2351919126	0,03688092123	0
656,725	1770206024,764	04/02/2026_12:53:44,764	1	2	2,773339702e-06	2,205207238e-06	2,565217353e-12	6,926509279e-12	5,934490746e-12	1,196106235e-11	6,933416341e-11	9,207959395e-11	9,582280715e-13	1,00185573e-13	1,130037904e-11	6,363937697e-13	4,999999912e-15	1,459495705e-14	4,999999912e-15	7,008370934e-15	7,395210312e-12	6,937357047e-14	2,579437925e-14	4,999999912e-15	3,26436469e-14	1,092422472e-10	6,730871416e-11	1	1	1	1	1	1	1	0	0	0	0	0	0	0	0	0	0	5,801131883e-09	39,73541441	0	0,2486514521	30,13226013	0	30,51809106	0,2345019535	0,03433205221	0
662,461	1770206030,500	04/02/2026_12:53:50,500	1	2	2,764204282e-06	2,219624321e-06	2,552710213e-12	6,943209896e-12	5,920634209e-12	1,195145632e-11	6,931700353e-11	9,213047686e-11	9,593842647e-13	9,28958516e-14	1,132597575e-11	6,332196052e-13	4,999999912e-15	1,192898184e-14	4,999999912e-15	1,116061453e-14	7,385856683e-12	8,225717199e-14	2,007048634e-14	4,999999912e-15	3,490603124e-14	1,090246435e-10	6,730060953e-11	1	1	1	1	1	1	1	0	0	0	0	0	0	0	0	0	0	5,721595048e-09	39,68684288	0	0,2433720274	30,1616153	0	30,53906648	0,2334951097	0,03177901927	0
668,197	1770206036,236	04/02/2026_12:53:56,236	1	2	2,778335102e-06	2,210285629e-06	2,545084152e-12	6,933823741e-12	5,911978372e-12	1,19663654e-11	6,934718771e-11	9,213162178e-11	9,630742384e-13	8,129236081e-14	1,132040989e-11	6,287311709e-13	4,999999912e-15	7,143708165e-15	4,999999912e-15	1,264640688e-14	7,36986687e-12	8,117011701e-14	1,418312455e-14	4,999999912e-15	2,716374861e-14	1,090226173e-10	6,752143289e-11	1	1	1	1	1	1	1	0	0	0	0	0	0	0	0	0	0	5,767923497e-09	39,66021396	0	0,2490120578	30,1420455	0	30,61711656	0,2326746176	0,02786214064	0
673,933	1770206041,972	04/02/2026_12:54:01,972	1	2	2,769993671e-06	2,191723752e-06	2,537623757e-12	6,963215161e-12	5,912026077e-12	1,197263382e-11	6,92408561e-11	9,210573276e-11	9,667260482e-13	8,691535176e-14	1,131744524e-11	6,146310132e-13	4,999999912e-15	5,929076471e-15	4,999999912e-15	1,327894398e-14	7,377837057e-12	9,240059483e-14	5,436238821e-15	4,999999912e-15	2,440075424e-14	1,09010613e-10	6,744421688e-11	1	1	1	1	1	1	1	0	0	0	0	0	0	0	0	0	0	5,488978293e-09	39,67212877	0	0,2316477727	30,13282284	0	30,59835813	0,2319493779	0,03032640224	0
679,669	1770206047,708	04/02/2026_12:54:07,708	1	2	2,768274271e-06	2,192566171e-06	2,540384353e-12	6,964419926e-12	5,895995931e-12	1,198625314e-11	6,936418107e-11	9,218949909e-11	9,702666188e-13	8,424112644e-14	1,132431041e-11	6,14025161e-13	6,904567047e-15	4,999999912e-15	4,999999912e-15	1,261293045e-14	7,363529925e-12	1,040865392e-13	5,651131079e-15	7,936807136e-15	2,353295713e-14	1,089863547e-10	6,751722792e-11	1	1	1	1	1	1	1	0	0	0	0	0	0	0	0	0	0	6,969926676e-09	39,64681959	0	0,2501190672	30,1574813	0	30,61673939	0,2322722496	0,02955039683	0
685,405	1770206053,444	04/02/2026_12:54:13,444	1	2	2,767236992e-06	2,192566171e-06	2,541607766e-12	6,960750552e-12	5,920662398e-12	1,200254392e-11	6,935973323e-11	9,208897533e-11	9,635074856e-13	9,143285629e-14	1,132544145e-11	6,188070889e-13	1,864630886e-14	4,999999912e-15	4,999999912e-15	1,18513699e-14	7,381021142e-12	1,015593046e-13	6,104193756e-15	1,606958381e-14	1,508003249e-14	1,089722271e-10	6,75121764e-11	1	1	1	1	1	1	1	0	0	0	0	0	0	0	0	0	0	1,412674465e-08	39,65410915	0	0,2587619323	30,14614518	0	30,62152497	0,2324948388	0,03162695627	0
691,141	1770206059,180	04/02/2026_12:54:19,180	1	2	2,763108796e-06	2,209436389e-06	2,550853626e-12	6,966968235e-12	5,911697347e-12	1,202119741e-11	6,936553415e-11	9,190703754e-11	9,611565016e-13	1,02116659e-13	1,132165282e-11	6,211940684e-13	2,509635125e-14	4,999999912e-15	1,694320513e-14	8,92587565e-15	7,381026346e-12	1,054054644e-13	6,228858371e-15	2,383515985e-14	1,772708668e-14	1,091548935e-10	6,739559605e-11	1	1	1	1	1	1	1	0	0	0	0	0	0	0	0	0	0	1,817380228e-08	39,72828413	0	0,2772372501	30,11901641	0	30,57153334	0,2334657724	0,0354194995	0
696,877	1770206064,916	04/02/2026_12:54:24,916	1	2	2,769083039e-06	2,211130322e-06	2,557233722e-12	6,923282694e-12	5,925439393e-12	1,20312536e-11	6,940654995e-11	9,205984586e-11	9,56781529e-13	1,12777165e-13	1,132203532e-11	6,219822834e-13	2,786371123e-14	4,999999912e-15	2,317593952e-14	5,138893834e-15	7,418077437e-12	1,005124938e-13	1,369950347e-14	2,321862659e-14	1,671085891e-14	1,091005272e-10	6,745412562e-11	1	1	1	1	1	1	1	0	0	0	0	0	0	0	0	0	0	1,973651647e-08	39,68301657	0	0,273628089	30,1373475	0	30,57882094	0,2338401037	0,03877245883	0
702,613	1770206070,652	04/02/2026_12:54:30,652	1	2	2,7718213e-06	2,213675998e-06	2,565092453e-12	6,934812533e-12	5,924730324e-12	1,203757666e-11	6,929679747e-11	9,208230012e-11	9,541488693e-13	1,241245198e-13	1,131618497e-11	6,308673744e-13	2,459090806e-14	4,999999912e-15	2,450553391e-14	4,999999912e-15	7,411989425e-12	9,801195093e-14	1,634850329e-14	2,468792721e-14	1,493208294e-14	1,091811086e-10	6,751082332e-11	1	1	1	1	1	1	1	0	0	0	0	0	0	0	0	0	0	1,74671979e-08	39,69219726	0	0,2559684267	30,10644199	0	30,59310081	0,234286694	0,04269853221	0
708,349	1770206076,388	04/02/2026_12:54:36,388	1	2	2,776836709e-06	2,17832735e-06	2,571516567e-12	6,916972203e-12	5,925002676e-12	1,201506863e-11	6,932531632e-11	9,203490053e-11	9,492046905e-13	1,263980918e-13	1,132302238e-11	6,425981166e-13	1,251592231e-14	4,999999912e-15	2,793744375e-14	4,999999912e-15	7,409053406e-12	8,4796055e-14	3,133297522e-14	1,211233821e-14	1,513144739e-14	1,088015164e-10	6,761728677e-11	1	1	1	1	1	1	1	0	0	0	0	0	0	0	0	0	0	1,045639675e-08	39,6007251	0	0,274498748	30,13182575	0	30,67333173	0,2352757222	0,04314998415	0
714,085	1770206082,124	04/02/2026_12:54:42,124	1	2	2,776298061e-06	2,20182983e-06	2,567115357e-12	6,921064416e-12	5,936433636e-12	1,196918606e-11	6,936991259e-11	9,214871921e-11	9,41458066e-13	1,291154683e-13	1,129628942e-11	6,458140229e-13	4,999999912e-15	4,999999912e-15	1,826794602e-14	4,999999912e-15	7,421861736e-12	7,551075108e-14	3,239334866e-14	5,423147927e-15	1,73366028e-14	1,088713633e-10	6,732427116e-11	1	1	1	1	1	1	1	0	0	0	0	0	0	0	0	0	0	5,815571736e-09	39,63939476	0	0,2554533505	30,18177889	0	30,55464343	0,2349053261	0,0433305617	0
719,821	1770206087,860	04/02/2026_12:54:47,860	1	2	2,763971452e-06	2,189205588e-06	2,559366347e-12	6,912045589e-12	5,935713292e-12	1,196682163e-11	6,93452587e-11	9,205643886e-11	9,451319935e-13	1,221371772e-13	1,130138084e-11	6,441017966e-13	4,999999912e-15	4,999999912e-15	7,036507675e-15	4,999999912e-15	7,418074835e-12	7,186977657e-14	3,257476618e-14	4,999999912e-15	2,830998578e-14	1,088430249e-10	6,757398113e-11	1	1	1	1	1	1	1	0	0	0	0	0	0	0	0	0	0	6,131698912e-09	39,60974589	0	0,2696952297	30,1354745	0	30,64971365	0,2342466991	0,04119226587	0
725,557	1770206093,596	04/02/2026_12:54:53,596	1	2	2,765913678e-06	2,169991376e-06	2,547723751e-12	6,916373724e-12	5,942885073e-12	1,197662716e-11	6,93458832e-11	9,203931367e-11	9,45093938e-13	1,162085971e-13	1,129100372e-11	6,436370534e-13	4,999999912e-15	1,144584441e-14	4,999999912e-15	4,999999912e-15	7,406782652e-12	6,838208792e-14	3,477604218e-14	4,999999912e-15	3,20014028e-14	1,089427576e-10	6,732193969e-11	1	1	1	1	1	1	1	0	0	0	0	0	0	0	0	0	0	6,046865446e-09	39,67052249	0	0,2641023653	30,15872904	0	30,55574633	0,2332930268	0,03903677763	0
731,293	1770206099,332	04/02/2026_12:54:59,332	1	2	2,772984089e-06	2,209436389e-06	2,535251089e-12	6,919464567e-12	5,936431468e-12	1,19650817e-11	6,924574802e-11	9,214168317e-11	9,520126657e-13	1,050901716e-13	1,129531017e-11	6,398297148e-13	4,999999912e-15	9,576845881e-15	4,999999912e-15	4,999999912e-15	7,394084477e-12	6,701366892e-14	2,580942255e-14	4,999999912e-15	3,59377953e-14	1,090351975e-10	6,749099196e-11	1	1	1	1	1	1	1	0	0	0	0	0	0	0	0	0	0	5,568014423e-09	39,66027738	0	0,2331456203	30,12420152	0	30,60315942	0,2316576094	0,03557478819	0
737,029	1770206105,068	04/02/2026_12:55:05,068	1	2	2,762871645e-06	2,221323484e-06	2,529993142e-12	6,92611116e-12	5,922800878e-12	1,196451965e-11	6,930338248e-11	9,19728807e-11	9,551449258e-13	9,590913404e-14	1,130258821e-11	6,311841241e-13	4,999999912e-15	6,72509093e-15	4,999999912e-15	5,813148153e-15	7,378136296e-12	6,723923041e-14	2,201466921e-14	4,999999912e-15	3,138632475e-14	1,089977483e-10	6,753071019e-11	1	1	1	1	1	1	1	0	0	0	0	0	0	0	0	0	0	5,947457424e-09	39,66941029	0	0,2583275745	30,11484566	0	30,63296156	0,2315047815	0,03260879324	0
742,765	1770206110,804	04/02/2026_12:55:10,804	1	2	2,774867198e-06	2,241853508e-06	2,515466785e-12	6,935676859e-12	5,9125955e-12	1,198765653e-11	6,935175351e-11	9,210179147e-11	9,624315234e-13	8,421589842e-14	1,1297927e-11	6,236335775e-13	4,999999912e-15	5,936354178e-15	4,999999912e-15	1,171069298e-14	7,354796459e-12	8,157709941e-14	9,65785103e-15	4,999999912e-15	2,996505767e-14	1,09090903e-10	6,735736968e-11	1	1	1	1	1	1	1	0	0	0	0	0	0	0	0	0	0	5,691647348e-09	39,7029057	0	0,2451090586	30,15631259	0	30,55719279	0,2300535641	0,02888405089	0
748,501	1770206116,540	04/02/2026_12:55:16,540	1	2	2,773105734e-06	2,208592377e-06	2,501991236e-12	6,938332721e-12	5,905504818e-12	1,198875981e-11	6,940423236e-11	9,213515367e-11	9,62372868e-13	8,576184196e-14	1,133532591e-11	6,166886121e-13	4,999999912e-15	4,999999912e-15	4,999999912e-15	1,325662805e-14	7,353125921e-12	8,493528689e-14	4,999999912e-15	4,999999912e-15	2,714919489e-14	1,089826215e-10	6,740394354e-11	1	1	1	1	1	1	1	0	0	0	0	0	0	0	0	0	0	5,734310975e-09	39,66913221	0	0,2482832483	30,17437265	0	30,58054023	0,2288733275	0,02940114477	0
754,237	1770206122,276	04/02/2026_12:55:22,276	1	2	2,77404024e-06	2,22985409e-06	2,499417773e-12	6,947863292e-12	5,903828208e-12	1,199591381e-11	6,938353364e-11	9,2084812e-11	9,647939999e-13	8,169640908e-14	1,132738261e-11	6,105762597e-13	4,999999912e-15	4,999999912e-15	4,999999912e-15	1,337256315e-14	7,367281264e-12	9,349540185e-14	4,999999912e-15	4,999999912e-15	1,996183573e-14	1,092824234e-10	6,733473501e-11	1	1	1	1	1	1	1	0	0	0	0	0	0	0	0	0	0	5,830536587e-09	39,7503257	0	0,2540468299	30,14222882	0	30,52877467	0,2285357218	0,02815570717	0
759,973	1770206128,012	04/02/2026_12:55:28,012	1	2	2,76983792e-06	2,193404043e-06	2,507572058e-12	6,955783605e-12	5,905087183e-12	1,199230298e-11	6,938417202e-11	9,203531687e-11	9,598490622e-13	9,050442687e-14	1,132386632e-11	6,109710719e-13	1,231024831e-14	4,999999912e-15	4,999999912e-15	1,121203282e-14	7,366850185e-12	1,01436085e-13	5,146653503e-15	1,23606942e-14	1,949324694e-14	1,089516671e-10	6,746543602e-11	1	1	1	1	1	1	1	0	0	0	0	0	0	0	0	0	0	1,047067962e-08	39,66487872	0	0,2675051422	30,15374059	0	30,61261041	0,2295911076	0,03098536701	0
765,709	1770206133,748	04/02/2026_12:55:33,748	1	2	2,760361667e-06	2,207743819e-06	2,517625648e-12	6,946236988e-12	5,907256455e-12	1,200871e-11	6,930120366e-11	9,190689182e-11	9,632203889e-13	1,032842431e-13	1,132189568e-11	6,147439871e-13	1,703197757e-14	4,999999912e-15	1,093166153e-14	1,008569245e-14	7,377508326e-12	1,033288445e-13	4,999999912e-15	2,16615344e-14	1,198718994e-14	1,084591722e-10	6,735630803e-11	1	1	1	1	1	1	1	0	0	0	0	0	0	0	0	0	0	1,323259451e-08	39,58778488	0	0,2692572867	30,19251937	0	30,64041729	0,231048294	0,03616760045	0
771,445	1770206139,484	04/02/2026_12:55:39,484	1	2	2,763448947e-06	2,248736337e-06	2,526719502e-12	6,955475258e-12	5,923746736e-12	1,201956763e-11	6,935386987e-11	9,205764623e-11	9,605773208e-13	1,106471888e-13	1,130635949e-11	6,240434059e-13	2,194433498e-14	4,999999912e-15	2,760225418e-14	9,146104216e-15	7,39737438e-12	9,852030623e-14	1,135417173e-14	2,972883035e-14	1,253774611e-14	1,089332305e-10	6,736153996e-11	1	1	1	1	1	1	1	0	0	0	0	0	0	0	0	0	0	1,583328221e-08	39,66527931	0	0,2566404313	30,16305804	0	30,57310919	0,2311477417	0,03840599839	0
777,181	1770206145,220	04/02/2026_12:55:45,220	1	2	2,76852802e-06	2,240136155e-06	2,540065597e-12	6,929727625e-12	5,923060653e-12	1,201953034e-11	6,935723523e-11	9,213464713e-11	9,49863777e-13	1,272862431e-13	1,130454064e-11	6,297954237e-13	1,879619642e-14	4,999999912e-15	2,862576983e-14	4,999999912e-15	7,406230143e-12	9,930709819e-14	2,280098175e-14	2,647203271e-14	9,063637936e-15	1,090548971e-10	6,71805736e-11	1	1	1	1	1	1	1	0	0	0	0	0	0	0	0	0	0	1,400784609e-08	39,70660076	0	0,2569902907	30,18285801	0	30,49093145	0,2323844599	0,04343326791	0
782,917	1770206150,956	04/02/2026_12:55:50,956	1	2	2,765206773e-06	2,209436389e-06	2,537452236e-12	6,913997586e-12	5,939722238e-12	1,202073163e-11	6,940546748e-11	9,197707873e-11	9,486414475e-13	1,293914791e-13	1,13139758e-11	6,388275325e-13	1,930261201e-14	4,999999912e-15	2,784770061e-14	4,999999912e-15	7,407325621e-12	8,972006758e-14	3,062621771e-14	1,787843453e-14	1,650469956e-14	1,089338827e-10	6,732163438e-11	1	1	1	1	1	1	1	0	0	0	0	0	0	0	0	0	0	1,475088064e-08	39,6761299	0	0,2876118805	30,16388868	0	30,55854071	0,2324463731	0,04419029489	0
788,653	1770206156,692	04/02/2026_12:55:56,692	1	2	2,765992122e-06	2,219624321e-06	2,541556809e-12	6,924537766e-12	5,94163824e-12	1,200347807e-11	6,924016221e-11	9,208157153e-11	9,490343624e-13	1,297261858e-13	1,129032545e-11	6,462599011e-13	5,541021879e-15	6,367588816e-15	2,015537429e-14	4,999999912e-15	7,428685271e-12	7,915995875e-14	3,794019135e-14	8,84341191e-15	2,573180892e-14	1,089699442e-10	6,7365169e-11	1	1	1	1	1	1	1	0	0	0	0	0	0	0	0	0	0	6,021699448e-09	39,66431943	0	0,2527489434	30,13629307	0	30,56699759	0,232458243	0,04434979142	0
794,389	1770206162,428	04/02/2026_12:56:02,428	1	2	2,77538652e-06	2,18752848e-06	2,52706688e-12	6,921994228e-12	5,937409418e-12	1,2007219e-11	6,937644209e-11	9,189123767e-11	9,48896994e-13	1,237854762e-13	1,129778562e-11	6,460566132e-13	4,999999912e-15	5,180609359e-15	7,788373082e-15	4,999999912e-15	7,402069409e-12	7,78138811e-14	3,347797097e-14	4,999999912e-15	3,29890195e-14	1,090057003e-10	6,72746997e-11	1	1	1	1	1	1	1	0	0	0	0	0	0	0	0	0	0	6,393223843e-09	39,70750871	0	0,2895785051	30,14573337	0	30,54117216	0,2316736912	0,04223969501	0
800,125	1770206168,164	04/02/2026_12:56:08,164	1	2	2,768418199e-06	2,182504886e-06	2,522368165e-12	6,91089937e-12	5,941265709e-12	1,197998992e-11	6,930305635e-11	9,212632046e-11	9,534669061e-13	1,169910116e-13	1,12752958e-11	6,486629268e-13	4,999999912e-15	1,480305611e-14	5,058853455e-15	4,999999912e-15	7,411362322e-12	7,235241594e-14	3,722906654e-14	4,999999912e-15	3,60571253e-14	1,08846307e-10	6,734880709e-11	1	1	1	1	1	1	1	0	0	0	0	0	0	0	0	0	0	5,89509275e-09	39,63592432	0	0,2543271651	30,16905953	0	30,57141663	0,2309130744	0,04006276945	0
805,861	1770206173,900	04/02/2026_12:56:13,900	1	2	2,771312211e-06	2,223880983e-06	2,504211465e-12	6,924678712e-12	5,937248089e-12	1,196711393e-11	6,927489832e-11	9,184840388e-11	9,541096212e-13	1,08087462e-13	1,130142507e-11	6,422546414e-13	4,999999912e-15	1,783235255e-14	4,999999912e-15	4,999999912e-15	7,408191248e-12	7,496259879e-14	3,246998482e-14	4,999999912e-15	3,662611799e-14	1,093255417e-10	6,737440467e-11	1	1	1	1	1	1	1	0	0	0	0	0	0	0	0	0	0	6,244363648e-09	39,77210147	0	0,2781406159	30,07613553	0	30,54887788	0,2292242768	0,03702704723	0
811,597	1770206179,636	04/02/2026_12:56:19,636	1	2	2,766870466e-06	2,211980018e-06	2,492157305e-12	6,922081398e-12	5,922394953e-12	1,194628164e-11	6,93625643e-11	9,200867845e-11	9,636011607e-13	9,457663602e-14	1,129361795e-11	6,339419007e-13	4,999999912e-15	1,407543786e-14	4,999999912e-15	1,212349787e-14	7,382382032e-12	7,838482196e-14	2,312112971e-14	4,999999912e-15	3,217070097e-14	1,086427337e-10	6,746177922e-11	1	1	1	1	1	1	1	0	0	0	0	0	0	0	0	0	0	6,098825026e-09	39,59695882	0	0,270691063	30,17656125	0	30,64444108	0,2284646795	0,03288715118	0
817,333	1770206185,372	04/02/2026_12:56:25,372	1	2	2,767728802e-06	2,202673613e-06	2,480983734e-12	6,928896259e-12	5,908514997e-12	1,195691549e-11	6,943649128e-11	9,198843076e-11	9,655957674e-13	8,813093213e-14	1,128922737e-11	6,24426563e-13	4,999999912e-15	5,596316189e-15	4,999999912e-15	1,021811758e-14	7,375925391e-12	8,317347191e-14	9,628267557e-15	4,999999912e-15	2,925248612e-14	1,08889224e-10	6,731452201e-11	1	1	1	1	1	1	1	0	0	0	0	0	0	0	0	0	0	6,141601151e-09	39,67352696	0	0,270877097	30,18074896	0	30,56644081	0,2273992043	0,03066372403	0
823,069	1770206191,108	04/02/2026_12:56:31,108	1	2	2,767642172e-06	2,211980018e-06	2,47776734e-12	6,957967189e-12	5,906944638e-12	1,196497762e-11	6,932487223e-11	9,210202045e-11	9,670635603e-13	7,969354885e-14	1,13144381e-11	6,165789992e-13	4,999999912e-15	4,999999912e-15	4,999999912e-15	2,007776744e-14	7,346414276e-12	8,902835337e-14	7,520127912e-15	4,999999912e-15	2,507598011e-14	1,090519272e-10	6,740939057e-11	1	1	1	1	1	1	1	0	0	0	0	0	0	0	0	0	0	5,633326214e-09	39,69228325	0	0,2442734893	30,15174936	0	30,58441163	0,2266127566	0,02767995897	0
828,805	1770206196,844	04/02/2026_12:56:36,844	1	2	2,771867003e-06	2,189205588e-06	2,478856096e-12	6,961205917e-12	5,901956875e-12	1,198742668e-11	6,936973912e-11	9,200470941e-11	9,621431256e-13	8,712880406e-14	1,131956074e-11	6,109405516e-13	5,16072272e-15	4,999999912e-15	4,999999912e-15	1,264641027e-14	7,371192198e-12	9,909269721e-14	4,999999912e-15	4,999999912e-15	1,712850544e-14	1,086882737e-10	6,738843511e-11	1	1	1	1	1	1	1	0	0	0	0	0	0	0	0	0	0	6,115249586e-09	39,62323026	0	0,265358045	30,1876082	0	30,61926302	0,2272637912	0,03002404041	0
834,541	1770206202,580	04/02/2026_12:56:42,580	1	2	2,770384071e-06	2,220472425e-06	2,481701476e-12	6,974542905e-12	5,903518559e-12	1,199303937e-11	6,9437886e-11	9,196832185e-11	9,638456483e-13	9,133244562e-14	1,132154787e-11	6,107998222e-13	1,297917055e-14	4,999999912e-15	8,745430527e-15	1,252901998e-14	7,355409684e-12	1,036572561e-13	4,999999912e-15	1,895917912e-14	1,535021906e-14	1,092182941e-10	6,736713964e-11	1	1	1	1	1	1	1	0	0	0	0	0	0	0	0	0	0	1,100997205e-08	39,74567494	0	0,2787133902	30,14066183	0	30,55439986	0,2272210191	0,03164699131	0
840,277	1770206208,316	04/02/2026_12:56:48,316	1	2	2,76187734e-06	2,232421366e-06	2,490882717e-12	6,952033133e-12	5,912110211e-12	1,200840816e-11	6,932773799e-11	9,205761153e-11	9,569401478e-13	1,042024811e-13	1,129257625e-11	6,138655122e-13	2,46733718e-14	4,999999912e-15	1,44984224e-14	1,045095508e-14	7,381937076e-12	1,033681604e-13	5,410046868e-15	2,630321904e-14	9,923189183e-15	1,090730978e-10	6,725415364e-11	1	1	1	1	1	1	1	0	0	0	0	0	0	0	0	0	0	1,754779359e-08	39,7173146	0	0,2511348942	30,16270695	0	30,52719704	0,2279354195	0,0357254199	0
846,013	1770206214,052	04/02/2026_12:56:54,052	1	2	2,77270351e-06	2,215370614e-06	2,507820557e-12	6,945697056e-12	5,916084463e-12	1,200322654e-11	6,933092295e-11	9,200622209e-11	9,532327185e-13	1,139025262e-13	1,131038839e-11	6,181889852e-13	2,284415333e-14	4,999999912e-15	2,37483305e-14	4,999999912e-15	7,405144206e-12	1,006153304e-13	1,637906594e-14	2,44351963e-14	1,430293567e-14	1,088936094e-10	6,740451947e-11	1	1	1	1	1	1	1	0	0	0	0	0	0	0	0	0	0	1,666106333e-08	39,65744424	0	0,2677999585	30,15085965	0	30,59647453	0,229611571	0,03897799918	0
851,749	1770206219,788	04/02/2026_12:56:59,788	1	2	2,772271955e-06	2,200143172e-06	2,509172991e-12	6,926097716e-12	5,928891926e-12	1,202158859e-11	6,931659413e-11	9,202421464e-11	9,501442601e-13	1,243302065e-13	1,130495524e-11	6,324663016e-13	2,365568374e-14	4,999999912e-15	2,496732442e-14	4,999999912e-15	7,41595587e-12	8,884595669e-14	2,090433438e-14	1,679088997e-14	1,261147863e-14	1,090079207e-10	6,733254926e-11	1	1	1	1	1	1	1	0	0	0	0	0	0	0	0	0	0	1,696029301e-08	39,68768832	0	0,2595025642	30,14670697	0	30,5559164	0,2295746475	0,04248067836	0
857,485	1770206225,524	04/02/2026_12:57:05,524	1	2	2,771185791e-06	2,191723752e-06	2,507428293e-12	6,915859812e-12	5,938436375e-12	1,198408039e-11	6,940389236e-11	9,218365654e-11	9,391804825e-13	1,30058941e-13	1,130135482e-11	6,412275767e-13	1,470021614e-14	4,999999912e-15	2,743247998e-14	4,999999912e-15	7,420648297e-12	8,404272422e-14	3,392085061e-14	1,294230345e-14	2,020291147e-14	1,089955418e-10	6,754403981e-11	1	1	1	1	1	1	1	0	0	0	0	0	0	0	0	0	0	1,174024794e-08	39,63262505	0	0,2678384403	30,14973353	0	30,61296944	0,2292164665	0,04338768992	0
863,221	1770206231,260	04/02/2026_12:57:11,260	1	2	2,772640073e-06	2,205207238e-06	2,512955555e-12	6,913250788e-12	5,934571411e-12	1,200653552e-11	6,932881352e-11	9,194287692e-11	9,503076494e-13	1,279862175e-13	1,12812008e-11	6,454046824e-13	6,30986352e-15	4,999999912e-15	1,752093242e-14	4,999999912e-15	7,433821787e-12	7,282731005e-14	4,052127015e-14	4,999999912e-15	3,065289586e-14	1,0926509e-10	6,746264658e-11	1	1	1	1	1	1	1	0	0	0	0	0	0	0	0	0	0	6,979421377e-09	39,72783383	0	0,2835254719	30,08753755	0	30,57183939	0,2298646792	0,04383366567	0
868,957	1770206236,996	04/02/2026_12:57:16,996	1	2	2,775379016e-06	2,205207238e-06	2,500210325e-12	6,908364505e-12	5,941435278e-12	1,197371542e-11	6,917108553e-11	9,214890656e-11	9,426735651e-13	1,233576365e-13	1,129511415e-11	6,499827803e-13	4,999999912e-15	7,015167527e-15	6,999643107e-15	4,999999912e-15	7,419640423e-12	7,253528019e-14	3,377193883e-14	4,999999912e-15	2,859132608e-14	1,087923848e-10	6,746324333e-11	1	1	1	1	1	1	1	0	0	0	0	0	0	0	0	0	0	5,548104206e-09	39,61021062	0	0,2333970945	30,1419344	0	30,6215695	0,2286795948	0,04145585974	0
874,693	1770206242,732	04/02/2026_12:57:22,732	1	2	2,770190349e-06	2,191723752e-06	2,492121527e-12	6,922669469e-12	5,940799068e-12	1,194687405e-11	6,935520908e-11	9,199765949e-11	9,46442035e-13	1,125118336e-13	1,128891945e-11	6,467857391e-13	4,999999912e-15	1,075461131e-14	4,999999912e-15	4,999999912e-15	7,40493257e-12	6,82418938e-14	3,400720054e-14	4,999999912e-15	3,137227078e-14	1,089594526e-10	6,728320678e-11	1	1	1	1	1	1	1	0	0	0	0	0	0	0	0	0	0	6,138654218e-09	39,68708778	0	0,2674856089	30,15994628	0	30,54566128	0,2283436374	0,03784061371	0
880,429	1770206248,468	04/02/2026_12:57:28,468	1	2	2,765475756e-06	2,220472425e-06	2,48053791e-12	6,91776714e-12	5,92495367e-12	1,197986762e-11	6,928446011e-11	9,199124795e-11	9,554000386e-13	1,026817588e-13	1,130662924e-11	6,381198196e-13	4,999999912e-15	1,158457485e-14	4,999999912e-15	4,999999912e-15	7,401443174e-12	6,598676683e-14	2,895416451e-14	4,999999912e-15	3,517477108e-14	1,091206708e-10	6,731933067e-11	1	1	1	1	1	1	1	0	0	0	0	0	0	0	0	0	0	5,87779404e-09	39,72092647	0	0,2541802438	30,12691215	0	30,54418936	0,2270135348	0,03509131767	0
886,165	1770206254,204	04/02/2026_12:57:34,204	1	2	2,767752449e-06	2,204362318e-06	2,464674298e-12	6,91527868e-12	5,918115824e-12	1,197552994e-11	6,936223818e-11	9,192638317e-11	9,59946532e-13	9,358610891e-14	1,129067586e-11	6,23092669e-13	4,999999912e-15	6,095947044e-15	4,999999912e-15	1,342252793e-14	7,38831045e-12	7,857787771e-14	1,911925479e-14	4,999999912e-15	3,050495308e-14	1,090976892e-10	6,72912559e-11	1	1	1	1	1	1	1	0	0	0	0	0	0	0	0	0	0	6,114106247e-09	39,72991194	0	0,2740311736	30,14128512	0	30,54157819	0,2257934604	0,03219872405	0
891,901	1770206259,940	04/02/2026_12:57:39,940	1	2	2,778408771e-06	2,207743819e-06	2,459866078e-12	6,941260067e-12	5,897078399e-12	1,197273617e-11	6,918120937e-11	9,191260253e-11	9,652707236e-13	8,335489959e-14	1,12865212e-11	6,199571021e-13	4,999999912e-15	4,999999912e-15	4,999999912e-15	1,211282187e-14	7,369425382e-12	8,240610071e-14	6,749829374e-15	4,999999912e-15	2,832987751e-14	1,090567636e-10	6,729005547e-11	1	1	1	1	1	1	1	0	0	0	0	0	0	0	0	0	0	5,577297134e-09	39,73167261	0	0,2387393152	30,11909525	0	30,55949283	0,2251752542	0,02906578637	0
897,637	1770206265,676	04/02/2026_12:57:45,676	1	2	2,765514637e-06	2,218773716e-06	2,453280417e-12	6,964385232e-12	5,89499196e-12	1,19649542e-11	6,91838184e-11	9,198332374e-11	9,600585301e-13	8,097172835e-14	1,129669708e-11	6,111554405e-13	4,999999912e-15	4,999999912e-15	4,999999912e-15	1,334249348e-14	7,364825763e-12	9,258833121e-14	4,999999912e-15	4,999999912e-15	2,366489437e-14	1,090087187e-10	6,729485719e-11	1	1	1	1	1	1	1	0	0	0	0	0	0	0	0	0	0	5,53448579e-09	39,71481224	0	0,2339776997	30,1343039	0	30,56417413	0,2245546846	0,0276708526	0
903,373	1770206271,412	04/02/2026_12:57:51,412	1	2	2,769314051e-06	2,220472425e-06	2,454940981e-12	6,958427758e-12	5,894049138e-12	1,19923637e-11	6,9381903e-11	9,2092306e-11	9,613373465e-13	8,414605547e-14	1,131555266e-11	6,150884381e-13	4,999999912e-15	4,999999912e-15	4,999999912e-15	1,521876463e-14	7,368780065e-12	9,285801295e-14	5,552177302e-15	7,996954946e-15	2,072145996e-14	1,090357388e-10	6,734054286e-11	1	1	1	1	1	1	1	0	0	0	0	0	0	0	0	0	0	5,802872859e-09	39,69557424	0	0,2525895945	30,16932565	0	30,55856998	0,2246757781	0,02875505707	0
909,109	1770206277,148	04/02/2026_12:57:57,148	1	2	2,774226914e-06	2,211130322e-06	2,458253002e-12	6,952872739e-12	5,902385785e-12	1,199852977e-11	6,935929608e-11	9,204936813e-11	9,637543584e-13	9,117142805e-14	1,131130346e-11	6,13692853e-13	1,575379977e-14	4,999999912e-15	4,999999912e-15	1,20827522e-14	7,382473105e-12	1,007739695e-13	4,999999912e-15	1,476812786e-14	1,937440822e-14	1,089634563e-10	6,734928587e-11	1	1	1	1	1	1	1	0	0	0	0	0	0	0	0	0	0	1,24040457e-08	39,68152468	0	0,2593318641	30,16546476	0	30,57124936	0,2251055759	0,03159171775	0
914,845	1770206282,884	04/02/2026_12:58:02,884	1	2	2,771682148e-06	2,212825393e-06	2,463540873e-12	6,949475283e-12	5,918243326e-12	1,201363661e-11	6,937608821e-11	9,213750596e-11	9,625345226e-13	1,05052814e-13	1,131815388e-11	6,119587801e-13	2,152668167e-14	4,999999912e-15	1,589204571e-14	7,610836671e-15	7,388785764e-12	1,028292374e-13	4,999999912e-15	2,076996615e-14	1,902757194e-14	1,086845822e-10	6,742317121e-11	1	1	1	1	1	1	1	0	0	0	0	0	0	0	0	0	0	1,567718477e-08	39,59629003	0	0,2524911848	30,19705838	0	30,61743715	0,22556597	0,03650524848	0
920,581	1770206288,620	04/02/2026_12:58:08,620	1	2	2,776023621e-06	2,215370614e-06	2,480480231e-12	6,948425776e-12	5,927949537e-12	1,201351518e-11	6,927546037e-11	9,210086166e-11	9,564870597e-13	1,146092769e-13	1,130894683e-11	6,238299807e-13	2,448613347e-14	4,999999912e-15	2,709777661e-14	4,999999912e-15	7,409672702e-12	9,706120727e-14	1,282879087e-14	2,762553573e-14	1,713238655e-14	1,087542001e-10	6,734032776e-11	1	1	1	1	1	1	1	0	0	0	0	0	0	0	0	0	0	1,716464824e-08	39,62510344	0	0,2406660586	30,17703087	0	30,58527045	0,226978011	0,03951565505	0
926,317	1770206294,356	04/02/2026_12:58:14,356	1	2	2,781431022e-06	2,190047098e-06	2,488686774e-12	6,93247456e-12	5,920779925e-12	1,203243581e-11	6,935051144e-11	9,2112179e-11	9,528330815e-13	1,225504615e-13	1,131177617e-11	6,310415515e-13	2,038966869e-14	4,999999912e-15	2,913266823e-14	4,999999912e-15	7,41464095e-12	9,530084919e-14	2,423534396e-14	2,208937243e-14	1,407592491e-14	1,088341847e-10	6,735247776e-11	1	1	1	1	1	1	1	0	0	0	0	0	0	0	0	0	0	1,499994487e-08	39,63705502	0	0,2614036495	30,17966704	0	30,57527635	0,2277839109	0,04201813855	0
932,053	1770206300,092	04/02/2026_12:58:20,092	1	2	2,772768312e-06	2,215370614e-06	2,492617007e-12	6,944259404e-12	5,942766244e-12	1,198993422e-11	6,936473618e-11	9,202396484e-11	9,519005592e-13	1,320201137e-13	1,129430924e-11	6,427754921e-13	1,093748742e-14	4,999999912e-15	2,396467458e-14	4,999999912e-15	7,430633366e-12	8,597673761e-14	3,245155338e-14	1,625391343e-14	1,870257387e-14	1,088849219e-10	6,735784153e-11	1	1	1	1	1	1	1	0	0	0	0	0	0	0	0	0	0	9,583592833e-09	39,65191025	0	0,2733413294	30,16013375	0	30,57355499	0,228270427	0,04544114853	0
937,789	1770206305,828	04/02/2026_12:58:25,828	1	2	2,775567282e-06	2,230711061e-06	2,495934666e-12	6,934195839e-12	5,944140579e-12	1,198858634e-11	6,937340286e-11	9,202793388e-11	9,475188646e-13	1,295146851e-13	1,129278355e-11	6,449675321e-13	7,853860588e-15	5,851469618e-15	1,637954875e-14	4,999999912e-15	7,403912552e-12	7,927250571e-14	3,896466754e-14	4,999999912e-15	2,92243443e-14	1,08785328e-10	6,734725971e-11	1	1	1	1	1	1	1	0	0	0	0	0	0	0	0	0	0	7,87907599e-09	39,63416084	0	0,2777860573	30,17632654	0	30,58242742	0,2287568333	0,04413685831	0
943,525	1770206311,564	04/02/2026_12:58:31,564	1	2	2,774863788e-06	2,206895488e-06	2,48502087e-12	6,939936473e-12	5,942396315e-12	1,19864934e-11	6,93284527e-11	9,22067353e-11	9,48053051e-13	1,268220419e-13	1,129299605e-11	6,471858639e-13	4,999999912e-15	1,155644319e-14	1,020598977e-14	4,999999912e-15	7,40685898e-12	7,75228338e-14	4,073083288e-14	4,999999912e-15	3,425410725e-14	1,090177879e-10	6,735812602e-11	1	1	1	1	1	1	1	0	0	0	0	0	0	0	0	0	0	5,836242939e-09	39,66289888	0	0,2513545826	30,1635244	0	30,55044235	0,2272825235	0,04305475271	0
949,261	1770206317,300	04/02/2026_12:58:37,300	1	2	2,768347485e-06	2,197610456e-06	2,470177925e-12	6,93067782e-12	5,942817852e-12	1,196313187e-11	6,931250712e-11	9,201383405e-11	9,520855241e-13	1,135411481e-13	1,129360234e-11	6,408455038e-13	4,999999912e-15	1,645231057e-14	4,999999912e-15	5,101543916e-15	7,403599435e-12	7,458375822e-14	3,423711916e-14	4,999999912e-15	3,835444806e-14	1,090204801e-10	6,747725989e-11	1	1	1	1	1	1	1	0	0	0	0	0	0	0	0	0	0	6,111068111e-09	39,67165527	0	0,2678382433	30,12193014	0	30,60551094	0,2261186457	0,03872658249	0
954,997	1770206323,036	04/02/2026_12:58:43,036	1	2	2,778032695e-06	2,235845614e-06	2,457354415e-12	6,934486405e-12	5,928572303e-12	1,197588903e-11	6,915384237e-11	9,210506663e-11	9,5999608e-13	1,006672501e-13	1,127478493e-11	6,373063427e-13	4,999999912e-15	1,217782148e-14	4,999999912e-15	1,439364951e-14	7,393542376e-12	7,606809876e-14	2,858890018e-14	4,999999912e-15	3,684294487e-14	1,089007981e-10	6,730201813e-11	1	1	1	1	1	1	1	0	0	0	0	0	0	0	0	0	0	5,390865983e-09	39,66723477	0	0,2281620926	30,14835418	0	30,56392068	0,224807034	0,03479725114	0
960,733	1770206328,772	04/02/2026_12:58:48,772	1	2	2,768053264e-06	2,217923793e-06	2,441056038e-12	6,940557937e-12	5,926247774e-12	1,195372273e-11	6,944894659e-11	9,191635647e-11	9,661137992e-13	9,281485492e-14	1,130590153e-11	6,294655552e-13	4,999999912e-15	1,062364308e-14	4,999999912e-15	1,597499734e-14	7,3865844e-12	8,40097577e-14	2,197440973e-14	4,999999912e-15	3,148577319e-14	1,088659995e-10	6,734257596e-11	1	1	1	1	1	1	1	0	0	0	0	0	0	0	0	0	0	6,401790626e-09	39,67188715	0	0,2918394375	30,17151551	0	30,58222243	0,2239336809	0,03247014259	0
966,469	1770206334,508	04/02/2026_12:58:54,508	1	2	2,776851034e-06	2,196773494e-06	2,430183658e-12	6,94763214e-12	5,908172389e-12	1,196130781e-11	6,937846131e-11	9,192385048e-11	9,646795082e-13	8,619793518e-14	1,130198019e-11	6,23935311e-13	4,999999912e-15	1,058629062e-14	4,999999912e-15	1,422629613e-14	7,362556745e-12	8,488435649e-14	7,124792225e-15	4,999999912e-15	2,78588679e-14	1,087506543e-10	6,733823915e-11	1	1	1	1	1	1	1	0	0	0	0	0	0	0	0	0	0	6,018636587e-09	39,65335225	0	0,2676259957	30,17889857	0	30,60053247	0,2228779762	0,02996760947	0
972,205	1770206340,244	04/02/2026_12:59:00,244	1	2	2,771505024e-06	2,22473318e-06	2,432992176e-12	6,965574385e-12	5,893246394e-12	1,197590811e-11	6,926864637e-11	9,215286173e-11	9,601145833e-13	8,81037932e-14	1,129760088e-11	6,160696953e-13	4,999999912e-15	4,999999912e-15	4,999999912e-15	1,621171425e-14	7,358967602e-12	9,759186325e-14	4,999999912e-15	4,999999912e-15	2,349172526e-14	1,087592724e-10	6,74094322e-11	1	1	1	1	1	1	1	0	0	0	0	0	0	0	0	0	0	5,515325781e-09	39,62303028	0	0,233527537	30,18060576	0	30,61585169	0,2226883222	0,0301389165	0
977,941	1770206345,980	04/02/2026_12:59:05,980	1	2	2,774674158e-06	2,208592377e-06	2,430998545e-12	6,968653519e-12	5,902947835e-12	1,199784282e-11	6,930735152e-11	9,197232559e-11	9,677757727e-13	8,441041106e-14	1,130219876e-11	6,167148498e-13	8,546548885e-15	4,999999912e-15	4,999999912e-15	1,708387866e-14	7,357664825e-12	1,074961517e-13	4,999999912e-15	1,255133082e-14	1,95247769e-14	1,088504009e-10	6,72273695e-11	1	1	1	1	1	1	1	0	0	0	0	0	0	0	0	0	0	8,048900685e-09	39,69012326	0	0,2616486942	30,18139696	0	30,55508562	0,222900746	0,02959313242	0
983,677	1770206351,716	04/02/2026_12:59:11,716	1	2	2,772584594e-06	2,193404043e-06	2,433819856e-12	6,965424765e-12	5,90758692e-12	1,198652982e-11	6,939757796e-11	9,184433075e-11	9,650630989e-13	9,223372256e-14	1,130156819e-11	6,156632279e-13	1,822089673e-14	4,999999912e-15	8,686250029e-15	9,342072065e-15	7,384827125e-12	1,011416496e-13	6,237586199e-15	2,05880726e-14	1,569462435e-14	1,088018564e-10	6,747962605e-11	1	1	1	1	1	1	1	0	0	0	0	0	0	0	0	0	0	1,434681225e-08	39,65149358	0	0,2902043888	30,14694972	0	30,64646303	0,2232772505	0,03224357024	0
